Generated matrix: 
Col count: 10
Row count: 10
-2.7777314 -0.81706 -4.813986 -2.4689925 -2.4046059 2.836392 0.32022905 2.4275932 3.7614288 -2.93575 
-2.4367857 0.65258217 -3.2447827 -0.77096367 4.8490124 -0.68079853 -0.14644527 -2.6599836 2.6142364 3.927434 
3.4513826 -2.635945 1.0944486 -3.3846164 -4.250336 -0.32417107 -3.297 2.9886885 -3.3586903 -4.3369846 
-2.8514652 -0.85047245 3.5756035 0.953012 0.17353582 -2.7104604 -4.066332 1.1416874 0.17834473 -3.6174698 
-2.370048 3.158576 -1.8790812 -3.8066463 -2.0040667 3.905017 -0.553658 0.87005234 -4.6129756 2.9914432 
0.3021474 -1.0500736 0.92308044 -1.7519534 -4.257481 1.6103435 -3.975832 -1.8086319 3.2292671 0.6370611 
4.289875 1.3311329 -2.380706 2.8527746 -1.6977656 -3.338595 -1.4875698 2.9141994 -4.7247434 -4.006543 
-0.24825811 1.496058 2.450428 -2.9182572 2.8584628 -0.73506117 -3.274178 -3.5729175 -1.0101347 -2.1835737 
1.3414803 3.902172 -3.21908 -0.70217896 1.3164215 4.154477 -0.7737465 4.9399223 4.69036 -4.647593 
1.040472 -4.3701305 -2.9305916 -2.964363 -2.92836 2.2092257 -3.7304945 0.42393637 2.1098924 -0.105065346 

Generated matrix: 
Col count: 10
Row count: 10
3.4100924 -4.1233416 -3.487537 -3.605681 -1.7941809 -0.3459692 0.545773 1.4989705 3.664466 1.6197882 
2.2187366 2.5575762 -1.6905558 4.98199 -0.9504986 3.8869553 -0.55372524 1.0657063 -2.0228868 3.3077383 
-3.9184027 -4.0503454 0.21293068 -1.7087531 4.734049 0.61198044 -1.1567771 1.1635132 0.5584955 3.0826807 
-2.5304568 4.198735 2.6046944 -4.4126453 3.0389633 3.7964106 -1.5292983 4.416011 -3.3901758 -0.8957653 
-4.4312215 -2.5802886 2.3645883 -3.9662762 4.3319416 -2.1835666 -0.63007545 -2.48986 1.2436538 2.0962758 
-2.0479321 -4.32359 -4.9812436 0.007080555 -4.934387 0.5874486 -1.2959146 1.1578178 1.5553374 2.422945 
0.16207457 3.0131626 1.0188837 3.4308205 -2.733951 0.81431866 1.2546964 0.48905182 -3.7559068 0.12518978 
-2.387514 -3.5795593 -1.3120973 -4.32224 4.4467564 -4.1254473 -3.321408 -3.5846126 -0.79196215 0.84600973 
-4.1858716 1.0784159 0.29796886 -1.34762 2.3500924 3.344966 -2.123735 -3.346715 -4.4596214 1.9642153 
-1.541069 -0.85884 -2.902975 3.064355 2.91331 1.9411526 1.6445513 -3.021555 0.7682662 4.3715706 

=================START======================
=============== SECVENTIAL ===============
