Generated matrix: 
Col count: 10
Row count: 10
3.789341 -0.53762484 -4.516213 -0.8925252 3.4228487 3.7657175 -3.9928126 1.0648751 -0.8248892 2.14295 
-3.4445155 -0.46314716 0.44984436 3.3778496 0.04397583 -3.926853 2.4210792 0.0125103 -2.832116 -0.56892157 
4.2343044 1.875112 -1.473041 -0.8490653 -1.1459041 3.9246569 -3.1865735 2.3200178 1.4422207 -2.1998107 
-0.088600636 -3.7991042 1.4405069 2.4279017 -0.61910725 -1.4251213 4.3407574 1.6222897 2.0957165 0.65590334 
3.2016172 2.7799582 -0.2733283 0.3664732 -2.3971562 -3.624 -3.9538848 -2.1042604 1.2251811 -1.6915984 
3.694562 -0.30369568 -4.545084 -2.6226263 3.8934593 0.49311352 -0.7870474 -4.07829 -3.3093846 -2.7965884 
-1.9927902 -0.6426048 -1.4526188 0.78588724 3.4437227 -2.0248966 4.5621033 -3.509049 -1.9232631 3.6596289 
-3.7035804 4.469673 -3.4667325 3.4084635 3.2347727 -1.4300327 -1.1537433 -2.2320402 -2.6506515 3.914711 
4.437066 4.099041 0.3301263 3.6838474 -1.7017221 4.3620167 1.8216443 2.7332067 4.7686024 3.709506 
2.8145576 3.255474 -1.478684 -2.6580274 0.28239965 3.7581043 -1.3044791 -2.037664 -0.3752823 2.990079 

Generated matrix: 
Col count: 10
Row count: 10
-3.293665 -2.1789093 -1.3491983 1.0414691 4.4278507 -2.765621 -2.8313832 -0.72964716 -0.06548786 3.9534912 
-3.0323756 2.7405014 -2.3730183 4.6408577 -1.3805199 4.8963404 -2.2968316 4.646291 0.36602306 -4.168597 
2.941018 -4.6340556 4.999525 -3.048789 4.544895 -1.300631 -1.5727692 -4.5238886 1.3115816 -4.1025496 
-2.8066616 -0.8850317 0.065633774 -2.2773023 -3.9694066 1.5641956 -0.30089378 -4.9639587 3.2356596 3.1017056 
-4.7393565 3.3002672 4.7937174 2.461934 3.4381123 2.0747952 4.4859324 -0.93797493 2.0630245 -3.6986823 
-0.752697 1.3229012 -3.4391057 1.3828139 -2.3679388 2.7707357 -2.2623682 -1.0162818 -3.9993918 3.4491272 
2.117517 -3.223031 -3.1415951 -1.7890077 -3.04605 -1.4090543 -2.67273 4.139181 2.7719688 3.5287724 
1.9680996 -2.2304754 2.154687 4.5133133 2.8375711 -4.780729 1.7687707 0.6287613 3.767394 -1.326365 
-2.8174539 -0.23431683 4.202055 -4.974256 -4.258711 1.0186319 -2.4002492 3.5291615 0.035843372 1.5280676 
-1.7472763 0.9921131 3.7724648 2.9018154 -0.43995094 4.859604 -1.905654 4.802169 3.2118711 -3.8089728 

=================START======================
=============== SECVENTIAL ===============
Elapsed time: 1
-25.17939 -0.43122438 -1.0388473 -6.2408576 1.9305112 -10.413542 -1.6566323 -2.3177752 -0.060671188 1.3896852 
-1.6126664 -0.55733776 0.5550662 1.9549435 0.045422755 -19.832344 -44.755894 0.012476706 0.42034903 -0.50060064 
1.7355548 3.1495292 -2.0883424 -0.6641143 -1.5322235 -1.9453049 -1.053033 4.762304 0.6869012 -1.4319767 
-0.08588928 -0.7178117 0.06277362 -36.713722 -0.53557396 -16.028616 -0.3233047 2.4098673 1.271909 0.5414132 
9.867476 1.5089251 -0.2898553 0.31898972 -7.917426 4.8534956 -33.33701 -0.64878064 0.7686802 -1.1607345 
-0.94527984 -0.39418876 -1.9577472 2.9251237 -6.0434937 0.41861227 -0.58391225 -0.8135506 -1.8109084 -14.781936 
-33.832127 -0.53578126 -0.9933234 1.4015846 -26.377861 -0.8308766 -6.453605 -23.050068 -6.2815948 1.7965047 
4.199997 -4.452263 5.693189 1.9419209 1.5115906 -1.1007665 -3.318075 0.8753439 -8.942121 -2.006044 
-7.7186546 -0.24852337 0.30607975 14.200463 -1.2158751 0.8257907 7.5567975 1.5403004 0.035575964 1.0822523 
-4.607792 0.76038426 -2.4319165 -31.63856 0.7885813 2.119229 -0.7743872 -3.5395875 -0.42493233 13.907939 

=============== PARALLEL ===============
Number of elements in matrix: 100
Rounded number of elements per thread: 50
Modulo (remained elements): 0
Number of threads: 2
Elapsed time: 27
-25.17939 -0.43122438 -1.0388473 -6.2408576 1.9305112 -10.413542 -1.6566323 -2.3177752 -0.060671188 1.3896852 
-1.6126664 -0.55733776 0.5550662 1.9549435 0.045422755 -19.832344 -44.755894 0.012476706 0.42034903 -0.50060064 
1.7355548 3.1495292 -2.0883424 -0.6641143 -1.5322235 -1.9453049 -1.053033 4.762304 0.6869012 -1.4319767 
-0.08588928 -0.7178117 0.06277362 -36.713722 -0.53557396 -16.028616 -0.3233047 2.4098673 1.271909 0.5414132 
9.867476 1.5089251 -0.2898553 0.31898972 -7.917426 4.8534956 -33.33701 -0.64878064 0.7686802 -1.1607345 
-0.94527984 -0.39418876 -1.9577472 2.9251237 -6.0434937 0.41861227 -0.58391225 -0.8135506 -1.8109084 -14.781936 
-33.832127 -0.53578126 -0.9933234 1.4015846 -26.377861 -0.8308766 -6.453605 -23.050068 -6.2815948 1.7965047 
4.199997 -4.452263 5.693189 1.9419209 1.5115906 -1.1007665 -3.318075 0.8753439 -8.942121 -2.006044 
-7.7186546 -0.24852337 0.30607975 14.200463 -1.2158751 0.8257907 7.5567975 1.5403004 0.035575964 1.0822523 
-4.607792 0.76038426 -2.4319165 -31.63856 0.7885813 2.119229 -0.7743872 -3.5395875 -0.42493233 13.907939 

