Generated matrix: 
Col count: 10
Row count: 10
-4.442089 0.6373477 3.241521 -0.32811165 4.7877426 1.8003602 -1.3946385 1.9534197 3.496584 2.2878485 
-0.5625653 1.880178 1.5021429 1.7867432 2.5722637 5.335808E-4 0.52006006 -3.93575 -3.544684 2.7955203 
-3.37049 3.384491 -0.7592859 2.8596535 1.523562 -2.0632875 -0.8220649 -2.9271805 2.333603 -0.849844 
0.81636906 -0.055509567 -0.4977665 -0.057635307 1.3394489 -3.2719088 -1.6215622 2.1135683 2.684979 -1.969996 
4.4947424 -0.3630829 -2.8967047 -0.9454899 -0.91293097 -3.5891156 -4.5559936 -2.305721 -0.28117847 2.0755367 
-0.85424423 -4.9616218 -2.087615 0.21938848 2.9383588 3.95006 -1.3289814 -2.779969 -3.6343896 -1.1301904 
-4.454498 -3.896991 -1.9807105 -3.5883033 4.472698 -0.7661872 -2.1342993 -1.5895116 2.65339 1.973186 
-4.822838 -0.60789204 -1.9333792 -0.7468977 3.6901016 -0.1890397 -3.6841612 0.5279598 1.9429197 -3.5643344 
-4.9968567 -0.087753296 -3.0490046 -3.1375437 0.02292633 -3.7471807 -0.9902711 -3.0332322 1.5024209 -1.8469989 
-3.557763 -2.876631 0.6976404 -3.1499128 2.3954268 4.9701605 -0.76132536 2.6620936 3.6119804 2.3780518 

Generated matrix: 
Col count: 10
Row count: 10
2.624331 0.30929565 -0.35198689 0.9179206 4.864931 3.6582928 2.854639 0.5656929 -2.607808 -0.26077795 
-3.9093966 -1.4806671 4.6813498 -4.3102922 -0.5171728 -0.04039097 1.0039682 -4.4470463 -3.5911274 -2.706275 
-2.9524493 -1.3960223 -4.5471573 4.0823593 4.1536217 -1.3694453 1.50317 0.45263672 -4.850896 -2.0815563 
-1.0573821 -2.3903136 -0.6573105 -1.3203902 0.4591341 -4.8734426 0.5506277 3.444397 0.2189722 -0.6536741 
-1.0164065 -0.8278713 2.734754 -1.4172316 3.6026754 4.208892 2.881384 -1.7506278 1.9291592 3.9569826 
-3.7815022 -0.24533653 0.21689701 -1.5303814 -3.4676056 2.429882 1.9711499 0.9302721 2.6822333 0.13924837 
-4.216308 -0.06725311 4.200141 -0.9189482 0.7665963 4.991706 3.3343382 1.9183564 -3.921144 -4.839382 
-4.573589 -4.63867 -0.6207485 -4.076722 3.672512 4.0204296 1.8904805 2.5956273 3.8340015 -3.596561 
-2.835496 -3.2027483 -1.3575327 -1.2364459 -1.2053597 0.62856436 -3.7999463 -3.174671 4.079586 -4.9463634 
-3.7722116 2.7067704 -3.9818497 0.7041607 -1.4125781 -3.613305 2.6669512 1.4830613 0.02792406 -4.6145144 

=================START======================
=============== SECVENTIAL ===============
Elapsed time: 2
-11.657512 0.19712888 -1.1409729 -0.30118045 23.292038 6.5862446 -3.9811897 1.1050357 -9.11842 -0.59662044 
2.199291 -2.7839177 7.0320563 -7.701385 -1.3303049 -2.1551845E-5 0.5221238 17.502462 12.729411 -7.565447 
9.951201 -4.724825 3.4525926 11.674133 6.3283 2.8255594 -1.2357032 -1.3249494 -11.320065 1.7689981 
-0.863214 0.13268527 0.32718715 0.076101094 0.61498666 15.945459 -0.8928771 7.2799683 0.58793575 1.2877353 
-4.5684857 0.3005859 -7.921775 1.3399781 -3.288994 -15.106199 -13.127566 4.0364594 -0.54243803 8.212863 
3.2303264 1.217267 -0.45279744 -0.33574808 -10.18907 9.59818 -2.6196215 -2.5861275 -9.7482815 -0.15737717 
18.781536 0.26208478 -8.319263 3.2974648 3.428754 -3.8245811 -7.1164756 -3.04925 -10.404324 -9.549002 
22.057678 2.8198106 1.2001423 3.0448945 13.551943 -0.76002085 -6.964835 1.370387 7.449157 12.819345 
14.168567 0.28105173 4.1391234 3.879403 -0.027634475 -2.3553443 3.762977 9.629514 6.1292553 9.135928 
13.420635 -7.78638 -2.7778993 -2.2180448 -3.3837273 -17.958706 -2.0304177 3.948048 0.10086116 -10.973554 

=============== PARALLEL ===============
Number of elements in matrix: 100
Rounded number of elements per thread: 12
Modulo (remained elements): 4
Number of threads: 8
Thread number: 0. Amount of data: 13
Thread number: 1. Amount of data: 13
Thread number: 2. Amount of data: 13
Thread number: 3. Amount of data: 13
Thread number: 4. Amount of data: 12
Thread number: 5. Amount of data: 12
Thread number: 6. Amount of data: 12
Thread number: 7. Amount of data: 12
Elapsed time: 71
-11.657512 0.19712888 -1.1409729 -0.30118045 23.292038 6.5862446 -3.9811897 1.1050357 -9.11842 -0.59662044 
2.199291 -2.7839177 7.0320563 -7.701385 -1.3303049 -2.1551845E-5 0.5221238 17.502462 12.729411 -7.565447 
9.951201 -4.724825 3.4525926 11.674133 6.3283 2.8255594 -1.2357032 -1.3249494 -11.320065 1.7689981 
-0.863214 0.13268527 0.32718715 0.076101094 0.61498666 15.945459 -0.8928771 7.2799683 0.58793575 1.2877353 
-4.5684857 0.3005859 -7.921775 1.3399781 -3.288994 -15.106199 -13.127566 4.0364594 -0.54243803 8.212863 
3.2303264 1.217267 -0.45279744 -0.33574808 -10.18907 9.59818 -2.6196215 -2.5861275 -9.7482815 -0.15737717 
18.781536 0.26208478 -8.319263 3.2974648 3.428754 -3.8245811 -7.1164756 -3.04925 -10.404324 -9.549002 
22.057678 2.8198106 1.2001423 3.0448945 13.551943 -0.76002085 -6.964835 1.370387 7.449157 12.819345 
14.168567 0.28105173 4.1391234 3.879403 -0.027634475 -2.3553443 3.762977 9.629514 6.1292553 9.135928 
13.420635 -7.78638 -2.7778993 -2.2180448 -3.3837273 -17.958706 -2.0304177 3.948048 0.10086116 -10.973554 

