Generated matrix: 
Col count: 10
Row count: 10
2.713747 -4.2262144 -2.9216516 -4.814389 -2.431903 -1.0291939 0.23666906 -2.020021 -3.702273 -4.585994 
1.633543 3.2544975 2.5440764 -1.7468472 -0.8611016 -2.6787753 -0.41124868 2.0975704 -2.6119113 -0.05752182 
-4.8200483 4.9472704 -1.7662871 -4.2251587 -1.4880443 -0.5788255 2.5318675 -2.7536166 4.395216 -4.329066 
3.3551102 -0.75825167 -4.4569654 -0.5176716 3.3233204 3.3726463 0.009523392 -2.3660831 -1.4595408 2.5200596 
-0.73823166 4.5908737 -3.8703728 -1.6862254 -3.3177881 -0.67170334 -3.263052 3.360201 3.9068642 3.551631 
2.9487872 1.4679565 -2.85106 -3.857782 -2.6847153 -2.48954 0.28006506 -2.5852938 2.7308235 0.5953016 
0.09265804 -1.8772519 4.0799437 1.1021304 -0.09587479 -4.736149 4.262559 2.1561966 4.9490204 1.068553 
3.5687103 -2.9933577 0.2084012 -4.6504445 -2.3598022 -4.6082997 3.2217398 0.1506958 2.3503609 -1.3572288 
-0.3025627 0.67242193 0.42622375 -3.6171544 3.47128 -2.6600556 3.75776 -1.8797863 -1.4479275 0.98366547 
1.4718494 3.765194 -4.95934 0.061540127 -0.96526146 -4.4234796 1.9192309 -4.9065633 0.083577156 4.7769184 

Generated matrix: 
Col count: 10
Row count: 10
3.795044 -1.2965302 -4.7714214 3.0975933 0.2656989 -1.6360283 0.72213554 -1.1168587 1.6771932 4.8718567 
2.3259807 -0.29236078 3.6028461 0.3134184 3.7443724 -3.6537588 0.7187109 0.61716366 -4.8911138 3.5726852 
4.133359 -3.6324942 0.83341694 0.8012495 1.2974429 1.2474756 0.99755716 3.7824745 4.927725 -4.0299425 
-0.29029655 -1.8525534 3.8942614 0.80022144 3.7518158 -3.1412685 0.60734224 -3.5003269 -3.5247862 -1.1183071 
3.3778534 -0.23874235 4.317378 2.48353 -0.30725765 -1.2612634 -4.484434 -2.6239805 4.934044 -0.7996845 
4.332713 -1.1503315 -2.7304077 -4.9977727 -3.7306774 -0.45858955 1.1565418 4.134406 4.8529015 0.50567913 
0.9317608 -4.542344 3.3711824 -0.17830181 0.5289216 1.6358399 2.7004461 0.6012893 2.579876 1.6537485 
1.6854744 -0.47406578 -1.4469814 -4.0309 -0.48095798 -4.9651423 3.5854511 -1.1756337 0.5686288 1.134543 
4.116825 3.8708954 4.084798 -1.83747 1.0747757 0.14543629 2.334085 -2.595967 -4.6546507 -2.0197213 
-3.279564 -1.550477 -1.3565488 -3.2034688 -1.6596544 -0.15301418 1.1407952 -4.619178 -4.238498 -2.2728097 

=================START======================
=============== SECVENTIAL ===============
