Generated matrix: 
Col count: 10
Row count: 10
4.9501534 -3.703659 1.8213615 -4.262378 -0.6765275 -1.6422515 3.176628 1.8188977 -0.20701838 1.7464967 
-1.8991315 -1.8605585 -4.5885296 0.043437958 -2.4328036 4.101452 3.4569817 3.5604973 -4.1682596 -4.937535 
4.9348392 1.2202492 -1.2240582 -4.62081 -1.0341418 -1.3091927 -3.8635767 0.2861004 -2.7494454 -2.9181945 
3.4312458 -3.4749818 4.0720854 3.9587708 -3.178659 -0.07008982 -1.7484932 -4.041439 -1.9366419 3.276166 
3.4120235 -2.836866 -4.8674006 -1.4583552 -1.3099253 0.7944417 0.8209524 3.3701563 -2.472846 1.3174672 
-1.2750638 3.7051783 0.7955971 -3.8243532 -3.6056185 0.15737724 -2.3066092 -0.96660376 -4.84451 -0.7751889 
3.558341 1.3708754 -2.823087 -3.3030863 -4.9976206 4.779439 2.9190693 -3.2040894 -3.914194 -0.538569 
-2.818395 -0.6479521 3.203145 3.77063 3.8091478 -1.2621241 4.032876 -2.428739 -2.2197218 2.724122 
-2.5606024 -2.4179769 -2.781092 -0.15606451 -3.7344372 3.451151 -4.0576167 -1.601798 -4.7927284 -1.7704725 
1.8892412 4.6932964 -2.3612447 -0.7720828 -3.6746132 -1.5787239 1.6102161 4.42445 -0.4343438 -2.125324 

Generated matrix: 
Col count: 10
Row count: 10
-0.94837236 3.9985933 -1.6953707 0.6934433 -1.6977906 -4.0165157 -1.9563258 -1.513722 -2.2099662 3.131258 
-2.1705687 -2.475139 4.387432 4.9637938 -1.8376732 -2.9942365 -0.4265685 3.6282454 1.8535595 0.49595594 
-2.0160365 4.9932184 0.44796896 2.1648226 -1.3054168 1.7141924 0.011982918 4.4556694 -0.83893967 3.478526 
2.3156967 -2.183584 4.173479 0.9304471 4.2021923 1.0022907 -1.4760251 4.9000254 -3.9967632 4.9488277 
-2.0573645 -3.5509539 1.7771654 -2.8863132 0.8472786 -2.761265 0.7422447 1.979145 -4.260879 4.0636024 
2.1684084 -2.2715092 -0.15293169 -2.2672777 0.064543724 -2.7502024 2.5993643 0.3710661 -0.06868887 2.0271082 
-1.5655966 -1.3779318 -3.404106 1.2553568 2.636014 4.0274982 -0.5585995 1.9211297 -1.3932152 -1.6826372 
2.2074819 2.542719 -2.8781998 -3.357418 -2.2311 -2.167966 -3.4885907 -1.485527 0.9753704 0.45640755 
-4.1864233 -4.1281867 2.6203089 1.2248135 1.1534204 3.1787605 -3.9592357 -0.05831909 3.9204035 2.5718713 
1.6595974 -4.4405775 -0.27569246 1.03478 -0.83101654 -1.5283287 1.1527514 -1.496131 -1.9921379 -2.6672788 

=================START======================
=============== SECVENTIAL ===============
