Generated matrix: 
Col count: 10
Row count: 10
-3.1460457 -2.0633423 1.6109467 -0.15004206 -4.1507807 2.4140902 0.12776947 1.9149494 0.8815651 1.1939812 
2.3794937 4.4422064 -0.8705087 -3.3174229 -2.009077 2.4646034 -2.0592208 -1.1973696 4.555848 -4.388337 
-3.465125 3.3778706 4.156266 -3.4643884 4.849778 -2.5270205 -0.32049465 1.688251 1.0224795 3.09486 
4.227149 -4.108694 0.66515446 -1.046114 -4.107357 2.680984 0.90052176 3.9218283 0.42548895 -2.7521038 
4.316655 -4.427641 -1.1054916 0.3679347 2.642799 3.0726156 -3.462118 -1.1339383 -4.636389 -1.311115 
2.2016563 -1.3827009 3.790947 4.4106703 -3.1893408 -0.9819217 -1.3075514 -4.5235653 0.4069605 -3.6870747 
-2.3913896 -3.1518025 3.6831055 -3.4006417 2.9297786 0.5346832 4.4135513 -3.873216 0.887969 4.863393 
-3.4374733 -3.5713692 -4.636915 2.7669964 -0.53449726 -1.4374733 -4.892091 -3.5489964 2.7217836 4.3689337 
3.2411728 4.6762505 -4.7946873 2.188397 -0.9955559 -4.293767 1.8393717 0.30191612 2.4690695 0.77656317 
1.9589353 -2.21559 -2.4621887 -3.0607438 -2.2959113 0.20090532 -0.0828352 4.171548 -1.0177131 -3.7521381 

Generated matrix: 
Col count: 10
Row count: 10
-1.7729683 4.7274084 4.1707687 2.0735216 4.831972 -4.4843173 -1.5010941 -2.4671416 0.87149715 -0.36566353 
-2.4194717 4.3825703 -1.8340664 -3.4460557 4.016596 0.6437006 0.7905264 2.4601989 4.548417 -0.29571438 
-3.9636922 1.225843 2.6316266 2.7586055 -1.1143696 0.83425283 2.2733145 0.8459258 4.9782286 0.9235153 
-1.1877604 -1.0706162 4.0665636 0.72093296 -1.660624 1.420083 2.1746235 -3.09044 1.4989338 2.4843206 
4.8810644 1.9827929 -1.644721 -2.0390158 3.4257383 2.1288023 -2.732811 0.25567102 -2.4504745 1.5284472 
2.716981 -3.9315677 -4.736391 -3.3108044 -0.2310009 -3.9401937 -2.9703557 -0.22907639 -1.7183642 -1.2220597 
-4.6781087 -3.8594139 -0.29720783 0.4771824 -3.7775497 -3.8684225 -3.1952114 1.3809896 -3.1609619 -0.6539254 
0.15700626 4.910969 -4.0200768 -2.8529816 -0.38008022 3.2572517 -0.9971056 3.2192373 -0.66919565 3.1472816 
-4.8142486 -3.628757 -2.771165 3.9309816 4.737356 4.891464 -3.6438906 4.1966314 -4.145402 -1.2875605 
3.223405 -2.4733 1.4868212 -2.0227861 -3.7716544 -3.93467 2.93158 3.1036901 4.2735405 -2.9253423 

=================START======================
=============== SECVENTIAL ===============
Elapsed time: 2
-1.1339344 -3.661419 1.1620921 -0.16174617 -29.443203 5.229159 0.13965671 8.555808 0.4382511 -0.5270869 
144.00673 2.2060933 -0.5903222 -1.6902579 -4.019714 0.51039624 1.2831051 -2.3326726 2.2760649 -0.2770453 
-1.8488394 0.89943445 1.6113603 13.540818 -1.4468151 1.2454007 -0.3730939 0.5635499 0.848256 0.71127015 
-1.6519244 -0.8493089 0.57165134 2.319256 -1.1825238 0.9283486 0.63681406 -14.578241 0.33141354 25.53225 
2.2907712 3.5908554 -0.6611217 0.4489457 1.4918814 1.25754 -1.5272676 0.33009902 -1.6031567 -9.220774 
1.2161617 -1.0229409 18.9915 -13.276951 -0.21539971 -0.7860363 -0.90789557 -0.21803495 0.5332502 -0.91784525 
-1.5824575 -1.73495 -0.32329622 0.55507064 13.054686 0.62043864 -11.574954 2.146222 1.2348636 -0.75551033 
0.16452073 -13.092632 -2.15326 91.808716 -0.22212645 -2.5729573 -0.8282847 34.646667 -0.8873704 1.8294133 
9.9193 -16.199598 -1.7561629 1.405788 -1.2604369 -35.13954 3.7142692 0.28165329 6.105761 1.9567071 
1.2184536 -1.1686814 3.753287 -1.2178998 -1.4271595 0.21171558 -0.085243866 1.7796245 -1.3358319 -1.6437769 

=============== PARALLEL ===============
Number of elements in matrix: 100
Rounded number of elements per thread: 25
Modulo (remained elements): 0
Number of threads: 4
Elapsed time: 19
-1.1339344 -3.661419 1.1620921 -0.16174617 -29.443203 5.229159 0.13965671 8.555808 0.4382511 -0.5270869 
144.00673 2.2060933 -0.5903222 -1.6902579 -4.019714 0.51039624 1.2831051 -2.3326726 2.2760649 -0.2770453 
-1.8488394 0.89943445 1.6113603 13.540818 -1.4468151 1.2454007 -0.3730939 0.5635499 0.848256 0.71127015 
-1.6519244 -0.8493089 0.57165134 2.319256 -1.1825238 0.9283486 0.63681406 -14.578241 0.33141354 25.53225 
2.2907712 3.5908554 -0.6611217 0.4489457 1.4918814 1.25754 -1.5272676 0.33009902 -1.6031567 -9.220774 
1.2161617 -1.0229409 18.9915 -13.276951 -0.21539971 -0.7860363 -0.90789557 -0.21803495 0.5332502 -0.91784525 
-1.5824575 -1.73495 -0.32329622 0.55507064 13.054686 0.62043864 -11.574954 2.146222 1.2348636 -0.75551033 
0.16452073 -13.092632 -2.15326 91.808716 -0.22212645 -2.5729573 -0.8282847 34.646667 -0.8873704 1.8294133 
9.9193 -16.199598 -1.7561629 1.405788 -1.2604369 -35.13954 3.7142692 0.28165329 6.105761 1.9567071 
1.2184536 -1.1686814 3.753287 -1.2178998 -1.4271595 0.21171558 -0.085243866 1.7796245 -1.3358319 -1.6437769 

