Generated matrix: 
Col count: 10
Row count: 10
-1.0322666 1.9356017 2.7913623 1.8932152 2.2794795 1.5552282 4.2340984 -2.239499 -0.60097647 -1.7139144 
-4.1755896 4.780573 0.18907356 -4.445634 -2.5050254 -2.3848522 4.205948 1.5467925 3.3889084 4.6600666 
-0.48535442 4.631378 -4.970801 2.9533486 3.8147564 3.6244278 3.798458 0.47767067 -3.9849389 3.879243 
-4.879654 0.5307431 -3.8201225 -0.9956703 4.277055 0.871305 4.046239 -0.7092829 -0.5584488 -0.14940262 
-1.7248476 1.1414104 1.9615831 -4.585688 0.1059494 -4.015892 -3.1759448 4.1944017 1.1399117 3.375617 
-1.4214201 3.6714725 -1.7460685 -3.1313956 4.739457 3.1254463 1.9592133 -4.6646776 1.1539335 -0.36498308 
3.3524504 -1.0129471 2.2655134 -4.6537066 -0.20768452 2.4815722 -4.735363 -3.4993505 -1.1365528 -4.0052896 
-3.6380398 3.9649029 2.5107222 4.6980085 1.8045759 -1.8013144 -0.4580617 3.0157557 -3.3480291 -1.5395224 
1.2669077 -0.35421467 3.0117207 -0.38701963 -4.218662 4.465006 2.5865183 -1.0610671 -4.6129084 -2.0202816 
-1.4080076 -2.9995923 -4.4051 -3.6694872 0.8630333 -1.3707578 4.9662056 0.46138334 -1.8245351 3.7662182 

Generated matrix: 
Col count: 10
Row count: 10
2.2584872 1.8834119 0.27639198 -0.0043087006 0.6404495 1.5068121 2.0534368 4.455698 0.49338865 3.8145838 
-4.200568 -1.6725488 0.022603989 -0.22909355 -1.8296747 1.590107 1.7339187 -3.6065812 3.6217976 4.215682 
-1.8924546 3.997633 -0.31779814 -4.1950245 -0.49693108 -1.5978451 4.1200895 2.9397063 4.590145 1.5545087 
4.044196 -0.35859632 -0.7895403 1.3199749 0.2889104 4.457634 4.485033 -2.178136 1.551867 -0.70391417 
2.7903976 -2.4857588 -4.96844 2.4331374 -0.3025484 -3.078206 -1.4629471 -3.3466358 -2.4861712 0.04197216 
1.8907547 4.528907 -1.7333102 -1.8513222 -1.9934149 -3.9973025 0.036507607 -0.92716885 0.2938981 -0.94136 
4.888376 -2.097392 -1.5873499 -4.0125046 1.2867136 -0.08436251 -1.805933 -4.986741 1.0191369 3.9289923 
-0.5435295 -2.4636328 -4.850636 4.1635933 2.1070204 3.4633646 -4.6230674 -2.7679114 2.352366 2.7953916 
4.0693884 -1.4308715 -3.0238266 -1.611234 -4.0273786 -2.842856 0.8171549 -1.5898979 -2.324258 -4.0825434 
-3.9583766 4.097271 2.9430728 -3.174709 -1.7997675 -1.1015315 -3.68155 -1.6113281 3.94596 4.568714 

=================START======================
=============== SECVENTIAL ===============
Elapsed time: 1
-2.331361 3.6455352 0.7715102 -0.008157297 1.4598916 2.3434367 8.694453 -9.978532 -0.29651496 -6.53787 
17.539848 -7.9957414 0.0042738165 1.0184661 4.5833817 -3.79217 7.2927713 -5.578633 12.27394 19.645359 
0.9185112 18.51455 1.5797113 -12.38937 -1.895671 -5.791274 15.649987 1.4042115 -18.291447 6.030317 
-19.734278 -0.19032253 3.0161407 -1.3142599 1.2356856 3.8839588 18.147514 1.5449146 -0.86663824 0.10516662 
-4.8130107 -2.8372707 -9.746008 -11.157609 -0.032054823 12.361743 4.6462393 -14.037135 -2.8340156 0.14168194 
-2.6875567 16.627758 3.0264783 5.797222 -9.447704 -12.493355 0.071526185 4.3249435 0.33913887 0.34358048 
16.388039 2.1245472 -3.5961626 18.67302 -0.26723048 -0.20935164 8.551748 17.450356 -1.1583029 -15.736752 
1.9773821 -9.7680645 -12.178599 19.560596 3.8022783 -6.2386084 2.11765 -8.347344 -7.8757896 -4.303568 
5.1555395 0.50683564 -9.106921 0.62357914 16.990149 -12.693368 2.113586 1.6869884 10.72159 8.247887 
5.5734243 -12.290142 -12.96453 11.649554 -1.5532593 1.5099329 -18.283335 -0.74344 -7.1995425 17.206774 

=============== PARALLEL ===============
Number of elements in matrix: 100
Rounded number of elements per thread: 50
Modulo (remained elements): 0
Number of threads: 2
Thread number: 0. Amount of data: 50
Thread number: 1. Amount of data: 50
Elapsed time: 42
-2.331361 3.6455352 0.7715102 -0.008157297 1.4598916 2.3434367 8.694453 -9.978532 -0.29651496 -6.53787 
17.539848 -7.9957414 0.0042738165 1.0184661 4.5833817 -3.79217 7.2927713 -5.578633 12.27394 19.645359 
0.9185112 18.51455 1.5797113 -12.38937 -1.895671 -5.791274 15.649987 1.4042115 -18.291447 6.030317 
-19.734278 -0.19032253 3.0161407 -1.3142599 1.2356856 3.8839588 18.147514 1.5449146 -0.86663824 0.10516662 
-4.8130107 -2.8372707 -9.746008 -11.157609 -0.032054823 12.361743 4.6462393 -14.037135 -2.8340156 0.14168194 
-2.6875567 16.627758 3.0264783 5.797222 -9.447704 -12.493355 0.071526185 4.3249435 0.33913887 0.34358048 
16.388039 2.1245472 -3.5961626 18.67302 -0.26723048 -0.20935164 8.551748 17.450356 -1.1583029 -15.736752 
1.9773821 -9.7680645 -12.178599 19.560596 3.8022783 -6.2386084 2.11765 -8.347344 -7.8757896 -4.303568 
5.1555395 0.50683564 -9.106921 0.62357914 16.990149 -12.693368 2.113586 1.6869884 10.72159 8.247887 
5.5734243 -12.290142 -12.96453 11.649554 -1.5532593 1.5099329 -18.283335 -0.74344 -7.1995425 17.206774 

