Generated matrix: 
Col count: 10
Row count: 10
-2.56077 2.8086576 3.8127127 2.5363374 2.2134023 -0.45223713 2.6463456 3.611597 -0.08988762 2.301711 
-3.3785515 -2.1139245 3.5073566 -2.4354248 2.633553 1.088038 2.6567225 0.86555195 -2.3347564 2.3498507 
2.6768594 -2.1184378 3.7167826 -2.3726428 3.7113037 2.7722478 2.9133396 -0.75713825 0.22489452 1.8405285 
2.160327 1.4817438 0.89268637 1.0775418 -4.0242615 -3.4784503 -0.11272144 -4.315765 3.2989874 1.5483546 
0.22186661 4.610917 4.989622 -2.803148 -4.684757 -1.2350297 -0.0021848679 -4.92727 -4.499121 4.455963 
-0.29581547 1.369482 -4.474158 4.4332514 -2.6367319 -2.075907 -2.071423 4.486759 -3.1022763 -2.4293633 
-4.1693063 -0.103960514 -2.7843766 -1.3926268 -0.55864716 0.3014059 2.7784252 2.5075574 0.29927206 -4.9845343 
2.1312814 -1.2509041 -0.15618849 0.98173094 -4.3996544 2.5418882 -2.2788424 -0.98677397 4.224964 2.1790104 
-4.2661552 -1.4914405 0.36866903 -2.730205 -4.4976215 -1.647572 -1.7343938 1.9266133 -1.2714739 0.37486124 
0.21341562 -4.5736933 4.9641533 -1.3121796 2.2060814 -0.5385108 1.5616727 1.9644508 -4.221671 -3.9976244 

Generated matrix: 
Col count: 10
Row count: 10
-2.8919291 -1.2930207 0.75573254 3.3286467 3.250905 -3.3981724 4.8017693 2.941659 0.069925785 3.92916 
-0.76399803 4.9648056 -1.2785392 2.8291216 -1.0409927 0.07504463 -1.7948465 4.0851707 -4.366723 -2.0711553 
4.0259895 0.42900372 3.9903908 4.054449 -1.968009 -1.4292502 -1.5005846 3.0393991 -4.3859997 -1.0121834 
2.157443 -3.0365527 -1.8957944 0.6475954 -2.8507762 -4.0151587 0.9815974 -4.618944 3.1490173 -2.9892035 
-1.7065668 2.5603085 -1.5345085 -4.1443257 -1.5284348 -0.53625345 0.70222425 -4.7460604 -1.0681324 0.54417086 
1.5460281 2.7465959 -4.00414 0.4611311 -2.592085 -1.3469183 1.7992568 0.8178115 -2.5865417 0.08529663 
2.0169806 0.080477715 -0.56191444 4.9224577 3.033844 -4.9135456 -3.9426298 2.6672883 -2.7483387 2.2027206 
-3.7373495 2.6239204 2.7051182 -3.174411 -2.810257 4.5108376 2.2497797 3.163023 -2.1843987 0.7389889 
-2.9930687 -2.3284614 4.268388 1.5933533 4.2533264 1.0922441 3.0256596 -4.440973 -3.1872683 -3.38546 
3.5794983 3.2903252 -3.4452634 -2.4333072 -0.8559127 -0.85078144 0.6803913 3.371602 1.4691935 2.9101906 

=================START======================
=============== SECVENTIAL ===============
