Generated matrix: 
Col count: 10
Row count: 10
-4.8018847 0.7448716 0.97860146 -4.234914 -1.906184 -4.148651 -3.3425803 1.3535953 1.2501745 2.0783973 
-4.2861533 2.5606375 4.427392 3.5375252 -4.414224 -3.0168052 3.9438047 0.28287125 3.2063599 -3.080306 
-0.91166115 3.2103405 -0.053703785 3.6017046 -1.7070687 4.400896 4.0744104 3.520029 -3.7460732 -0.04150629 
4.410447 1.4211073 -2.0308452 -4.823909 1.4613447 1.0743575 0.970397 0.17895126 1.4664068 -3.5538602 
-0.58755636 -4.8378124 -4.5861187 4.9712524 1.6943126 -3.515371 3.499302 1.3542328 0.031311512 0.6352062 
-4.2768626 -4.9174614 -4.0048003 1.289093 -0.29788733 0.5704045 0.15219927 3.0628986 -3.5938292 3.7106209 
-1.7557573 3.3117065 -4.17584 -1.6173708 -2.9014997 3.4423218 -4.320331 -2.9035378 3.865757 3.2096186 
3.7191315 0.04672432 -4.937144 3.6855316 -4.98627 0.16868639 2.0426106 -3.1816828 0.6722121 -0.25421095 
-3.7179236 -4.584968 -0.34747982 -1.7134392 -2.356273 -2.929598 -4.4340568 -4.002216 -2.5677967 -1.9752526 
0.84991693 1.6143637 3.5812435 -1.4373899 0.087026596 4.645816 0.13198566 4.6689434 -3.007936 -2.5380802 

Generated matrix: 
Col count: 10
Row count: 10
-3.1931329 1.954009 -1.618644 1.9192343 -4.0238066 -3.03936 -3.2348819 3.4358416 4.721401 -1.0963278 
-2.1678567 -4.7803493 4.615937 -3.4072793 2.5752668 -0.43170738 3.8984022 2.094047 -3.0339181 -2.7354808 
-1.9386625 4.8390694 -3.4605603 0.7248378 -0.2876587 -0.96339893 3.8850708 0.0119018555 -4.3973947 -1.050281 
4.538971 1.5402336 3.7136278 2.8192353 0.076099396 -1.6063933 1.5287919 -2.176886 -3.9352255 4.890753 
-4.5927114 -2.2696602 -0.030525208 0.29985237 2.1691723 -1.979733 -1.118545 1.4839239 -3.5309422 2.7822614 
-3.8043642 -1.5128362 -0.30956697 -4.820307 -2.1009326 2.5313091 -1.6279137 1.5573292 4.133404 2.1222029 
-2.4464755 -4.801339 -2.9348974 -0.33275175 -1.1005788 2.5124989 -2.9524255 0.5277543 -3.4327447 4.165451 
1.5755806 -3.7137938 -0.9181266 -0.095953465 4.881338 -0.636888 1.071414 -4.0410657 -4.7470293 2.293685 
-0.2721634 1.831636 -4.400894 -0.05038786 1.9403753 1.675931 4.549979 -0.099618435 -4.098921 -1.4485085 
-2.1321154 -4.2569075 -3.1811004 -4.396538 -3.6879106 1.5365696 -1.5455337 1.1712761 -2.1795774 -3.9414442 

