Generated matrix: 
Col count: 10
Row count: 10
-0.35742998 -1.6968899 -1.6696448 -3.557781 3.1172056 2.686551 -4.8092966 -2.207263 -4.390971 0.46153736 
-4.5875444 -4.0624285 3.2955484 -4.159299 -1.7070537 -1.7741752 3.5884247 -0.17983007 2.636917 1.2403016 
-0.8336115 -1.8737893 -2.4215639 -2.9089017 4.4480124 -4.2926593 0.32265282 4.330345 -4.3645377 -4.9346504 
0.20970297 -4.5035334 -3.5250883 -4.335008 2.3988338 0.25830793 4.0786257 -4.5725813 -4.428236 -2.354186 
3.211506 1.3439298 2.1124287 4.887516 2.3162909 -4.3520737 1.5187073 4.794956 -0.0270195 3.013752 
-4.3449697 0.7158208 -0.52317905 -3.1725912 -0.29146576 4.002612 0.5744262 2.7683063 4.242715 -3.7000585 
-1.8008435 2.4816132 -0.040576458 -0.7647209 -3.8437943 0.8923216 -1.8778582 0.20550251 0.2674842 -2.7442617 
1.0312948 1.6915512 -2.5798182 2.0521164 0.47806025 -3.8811975 -0.5241194 1.6689563 -0.7302637 0.8305688 
0.07567358 -2.0169477 -4.7181873 1.7817588 -2.7115889 -4.378543 -2.8549218 -2.4790883 0.8428631 1.1686621 
0.74742985 0.7493615 2.6902556 3.8747692 0.8775878 -4.029596 -2.0273013 -0.35883904 -0.74868727 2.6193452 

Generated matrix: 
Col count: 10
Row count: 10
-2.4819934 0.007126808 0.060467243 1.6539278 -4.083829 -3.5197048 -4.676521 4.346694 2.5123692 1.4491706 
2.4755478 -1.6745126 -1.4878428 -1.1527319 -4.367195 2.5309858 -2.6459403 -2.8787243 4.142252 -1.6175823 
-1.138128 0.4627409 -1.2343721 4.1524553 0.023792267 0.9223347 -1.951365 -2.656256 -3.0807285 -1.6773434 
-1.963448 1.1330657 -3.0302 -1.1391759 4.983987 -4.9886246 -2.2493916 -0.85706615 -2.4277644 2.3117595 
-4.2285533 4.972497 -3.5743065 3.0019207 4.402645 3.5338125 0.47339058 4.948451 -3.7449737 1.3350725 
2.5287685 0.7685876 -0.63213396 -3.7730904 -2.0128 -3.2907863 4.3479576 0.46880007 -2.0753555 -0.0232625 
-2.2536325 -1.187185 0.31177902 -1.7644906 -4.649863 4.2027893 4.2565403 0.15333605 3.3779154 -2.6056802 
2.9062862 -4.1368127 -0.24369001 1.6905241 1.1619182 -3.1003432 -3.546 1.3201232 -3.0052662 3.8323889 
-4.719129 0.6739764 -3.2417684 -2.3617482 -2.5814562 0.7361469 -0.671505 -4.582635 3.3166227 0.3242736 
4.59639 -1.1406636 -2.6727529 0.076345444 4.2119675 2.8056169 -3.2984424 1.0278664 -3.4829407 3.1383781 

=================START======================
=============== SECVENTIAL ===============
