Generated matrix: 
Col count: 10
Row count: 10
0.65204096 4.462139 -3.438505 2.2556314 2.1937551 -1.3148303 -3.027124 0.29198694 2.4986868 -4.9976463 
3.7846193 -1.7784238 2.591133 3.1429062 -0.38818312 2.8105974 -3.3082569 3.4978504 -4.1027136 2.1477718 
-0.9321027 -1.5089898 -1.7937541 -4.9861317 3.8750916 -0.85132027 2.2551842 0.6876478 -1.2219226 -1.8482089 
-2.3363895 -4.483173 2.2611656 0.100811005 3.0139751 -2.6300101 4.383482 -2.0402527 -3.5865712 -1.649127 
2.1371536 -2.850049 2.529562 0.14420414 -4.8643417 -3.828348 4.2101936 -3.2772732 -0.011441708 3.232419 
3.0154343 1.4348264 3.0813475 0.604187 4.0405607 1.6741409 0.5302057 3.417737 1.5738606 -4.7241106 
0.5575037 3.5952196 0.72912216 0.76473 0.4524045 -3.4663808 -1.9366205 4.777405 -3.5592098 2.0570989 
0.21399736 -3.0118012 -2.7300162 -1.2174554 2.1732712 -2.8296387 -1.0222244 4.275116 -3.597021 3.5326157 
0.30456257 1.7501259 -4.453638 2.983283 2.4459019 -2.6984806 -2.9771395 -4.2917137 -1.4645398 2.0589962 
-1.1752481 0.52251816 3.3816051 -1.1947436 -4.060913 -2.6078427 1.8222342 -2.4120522 4.088727 -3.2399142 

Generated matrix: 
Col count: 10
Row count: 10
-0.3391881 -4.940116 -2.9502404 -4.3244085 -2.1680856 -4.3454113 0.31734037 0.97704315 2.328351 2.386837 
4.047555 4.0527153 -3.1034112 1.8507724 3.2198515 -1.9330335 -4.253339 2.818523 1.0949869 1.4494686 
0.9820514 4.323598 1.0703945 4.273306 -3.6295133 -3.9945168 1.772964 1.6688399 0.96583605 -2.789226 
-4.976025 -0.6840277 4.253104 -1.5359008 -2.4604874 -4.5843086 -1.49701 -1.3323255 -4.199916 -4.6432943 
4.250925 -1.8538785 2.3749924 4.964945 4.9005766 3.464404 -1.4090772 -4.940629 -4.1828337 -2.9914527 
-2.7079134 -0.25018883 -0.37307835 -2.5152736 4.5844383 -1.8795018 1.2616062 -3.2278728 -3.046683 -0.32788467 
-4.6507697 1.6247339 0.58806324 -1.922998 2.4022584 3.3790798 0.76575327 1.7746811 4.7232666 -4.43239 
-2.1027255 -1.0578175 4.646146 3.7953215 2.5120807 -4.9338875 -3.4486365 -2.2980947 -2.2262259 4.2777147 
-4.2898364 4.749813 -4.1708956 -2.2487938 -4.6198773 -3.9457746 3.6812973 -0.32149076 3.429366 -3.2366257 
-2.3407483 0.8956332 -0.8732791 -3.476746 -0.22723389 3.3289518 3.398818 -1.6084146 -1.8224287 2.6413827 

=================START======================
=============== SECVENTIAL ===============
