Generated matrix: 
Col count: 10
Row count: 10
4.8236485 1.4758081 4.836446 4.583971 3.4760323 -1.6278207 1.4657397 3.551875 -2.8763497 -1.7152925 
-2.3402624 -0.38052177 1.6027837 -4.353187 -3.6122417 -1.3926697 4.6402245 -2.6332688 -3.0389833 3.3709917 
-2.0030828 3.6836128 -3.043881 -0.50041723 1.3013959 -4.2602463 -1.6160119 1.6992273 -1.6073167 -1.955617 
-2.484858 3.364046 1.2684851 0.47709656 3.7418156 1.486639 -4.330531 -0.3001461 4.564925 2.5794487 
2.8089995 -0.7450857 -0.8603215 -1.1893046 -1.6791754 1.1928682 3.6043692 -0.9724741 -3.157773 -3.1980305 
-4.134503 -3.050334 -3.8694577 -3.5694647 2.7379017 -0.44439507 0.73646307 -2.9273696 -3.1334596 -3.1823463 
2.19425 4.4193764 -2.881525 -0.47893715 0.7590432 3.5909348 2.9674768 3.2556906 -4.096446 -0.5843024 
-1.4564686 2.907936 -2.784862 4.602968 4.6358433 -4.501701 -0.1992774 -1.315881 0.07730913 -1.8201756 
4.7585287 -4.573214 -2.936204 -0.91000795 4.315469 4.340394 -3.5580325 -1.2304802 -3.382668 -2.2964513 
-1.3896103 -0.4562397 -1.6886318 -2.399642 -2.8983302 -4.095338 -4.4500647 4.1305084 -4.7634754 -4.8863153 

Generated matrix: 
Col count: 10
Row count: 10
0.09798908 2.1650515 0.4578972 -0.66999054 -3.7688577 -2.3040843 -3.534904 -2.8036225 3.1058054 -1.5572453 
4.380907 -1.5892267 3.4658175 -3.5621214 1.6117687 2.0810513 2.7745113 1.8418884 0.4213934 2.0877743 
-1.8629355 -1.6863203 -1.4428096 -2.9644399 -3.6286788 -3.5355687 -3.5219574 1.2040181 -1.8817496 -4.107034 
1.1693406 -2.9541194 -4.565584 0.18770123 -4.559176 0.8336024 4.512951 -2.7222748 -4.3648796 -4.080959 
1.3276567 -1.656934 -4.613514 3.417716 4.5341644 -2.096119 0.4231577 -3.0854023 -2.0037599 0.98334026 
0.27188396 -4.2512107 1.0938745 -2.3061852 -0.6247883 3.5873451 2.428968 3.0763273 -1.2476075 4.142724 
-4.253623 -0.5939393 2.5114336 1.1040106 2.5613155 -2.1298175 2.7468004 2.5004125 -3.986541 -3.0321145 
4.5351515 1.9392681 4.3945217 1.1469574 -3.323266 -2.6163816 0.31687212 -2.921592 -3.2642841 -2.4385142 
4.9594107 -1.8860931 2.927784 2.7166152 3.7532473 3.4343662 4.0133533 -0.5138035 -4.5803137 -4.722173 
-0.9888487 4.27378 -4.231109 0.5576091 -4.9121532 -1.0946393 -0.9120374 -3.1940966 -2.85121 0.7247076 

=================START======================
=============== SECVENTIAL ===============
Elapsed time: 1
0.09603814 0.8775951 0.41829455 -0.78467876 44.738827 -0.95389795 2.50403 -13.308496 -38.93294 -0.8162262 
-5.0241337 -0.30701146 1.0959544 -1.9590621 2.9103606 -4.2101893 1.7363201 6.1287675 0.4892315 1.2892785 
-0.9652345 -3.1100857 -0.9788374 -0.4281437 2.029125 -1.9321128 -1.1077383 0.70469433 -0.8668702 -1.3247976 
2.2087471 -24.242868 1.7565063 0.13470502 20.87157 0.5341108 -107.13471 -0.27033964 -99.6041 7.0106916 
0.9015463 -0.51396656 -0.7251049 -1.8240371 -2.6667905 2.7682168 0.37869805 -0.7394197 -1.2258798 1.4199512 
0.29102147 -1.7760096 1.5249771 -1.4010104 -0.8095206 -0.5072299 0.56511897 -60.45702 -0.8923231 -13.727501 
4.5322113 -0.6861546 19.553967 -0.8459033 0.58552384 -5.234375 1.4264387 1.41425 -2.020373 -0.48989704 
-2.1454973 1.1634063 -7.602934 0.9181699 -11.737322 -1.6546826 -0.5369753 -0.90725476 0.07918449 -1.0422276 
2.4284468 -1.3353611 1020.94666 -1.368389 2.0073853 1.9172943 -31.361715 -0.3624554 -1.9457135 -1.5450665 
-0.577733 -0.51076555 -1.2069423 0.72640514 -1.822812 -0.8637644 -0.7569094 -14.089148 -1.7836152 0.85090905 

=============== PARALLEL ===============
Number of elements in matrix: 100
Rounded number of elements per thread: 3
Modulo (remained elements): 4
Number of threads: 32
Elapsed time: 28
0.09603814 0.8775951 0.41829455 -0.78467876 44.738827 -0.95389795 2.50403 -13.308496 -38.93294 -0.8162262 
-5.0241337 -0.30701146 1.0959544 -1.9590621 2.9103606 -4.2101893 1.7363201 6.1287675 0.4892315 1.2892785 
-0.9652345 -3.1100857 -0.9788374 -0.4281437 2.029125 -1.9321128 -1.1077383 0.70469433 -0.8668702 -1.3247976 
2.2087471 -24.242868 1.7565063 0.13470502 20.87157 0.5341108 -107.13471 -0.27033964 -99.6041 7.0106916 
0.9015463 -0.51396656 -0.7251049 -1.8240371 -2.6667905 2.7682168 0.37869805 -0.7394197 -1.2258798 1.4199512 
0.29102147 -1.7760096 1.5249771 -1.4010104 -0.8095206 -0.5072299 0.56511897 -60.45702 -0.8923231 -13.727501 
4.5322113 -0.6861546 19.553967 -0.8459033 0.58552384 -5.234375 1.4264387 1.41425 -2.020373 -0.48989704 
-2.1454973 1.1634063 -7.602934 0.9181699 -11.737322 -1.6546826 -0.5369753 -0.90725476 0.07918449 -1.0422276 
2.4284468 -1.3353611 1020.94666 -1.368389 2.0073853 1.9172943 -31.361715 -0.3624554 -1.9457135 -1.5450665 
-0.577733 -0.51076555 -1.2069423 0.72640514 -1.822812 -0.8637644 -0.7569094 -14.089148 -1.7836152 0.85090905 

