Generated matrix: 
Col count: 10
Row count: 10
1.6292305 1.0548639 1.8683057 -2.438686 1.0442472 2.5352688 -1.3851452 -3.0165834 -2.9467177 -1.2403874 
-0.30704403 -0.49394846 2.1890306 -1.7005646 3.0492744 4.644185 -4.2185693 -4.2542076 2.0252047 0.8382311 
1.8068533 0.7551961 4.452512 1.4750834 3.3596573 4.397853 1.2692571 3.6893167 -2.8816729 4.3305397 
-3.3432782 2.0398927 4.7136297 -2.1012168 2.9911146 -4.0580134 3.9322624 2.2948275 3.298112 -2.0143466 
-1.5964055 2.8612947 2.106626 2.698214 -0.3271017 3.5685406 2.2397823 -4.6083784 -4.628363 -1.3289917 
1.181282 -4.752605 4.2199306 -2.8398986 1.1457729 -1.7212975 -4.3394136 4.505085 3.2004719 -4.898032 
4.506502 1.4676332 -2.023837 -2.8397112 -0.28133917 1.6792059 -4.6807175 -1.9394512 -0.38873434 -3.0958045 
-1.7703123 4.6892347 1.8511848 -2.7722697 4.5638294 4.7136755 -3.315791 -1.9117184 4.1294947 2.69207 
2.1404862 4.436343 1.2314992 -0.67515326 4.4618998 -3.8129826 -0.37069798 -3.8196735 -0.2726574 -2.5765538 
0.8253617 -1.4003873 0.35634756 2.9077463 -0.8886485 0.29023743 4.7321205 -0.19402027 0.7584152 -4.5019608 

Generated matrix: 
Col count: 10
Row count: 10
-0.85730314 -4.895643 -3.0458026 -4.4741387 -1.7089992 1.9873643 3.7762127 0.9509773 -3.875537 2.9979324 
-0.23248386 -4.8329945 0.1924696 -2.3303585 -3.928206 -1.8918915 -4.6789412 -4.393001 3.02275 -3.7478077 
1.4214964 -2.1810956 4.4047766 -0.42414188 3.700861 4.140849 -0.94744873 2.1581926 4.5536127 -0.49747753 
3.1868 -2.0042057 -4.2259116 -2.1698804 3.9486294 0.47150993 -1.6116552 -2.231369 -0.541553 4.269268 
-1.036716 -3.0479841 -3.2432632 4.5835133 4.4712343 1.0528231 0.9581394 -4.2484245 -0.9148178 4.653267 
-4.45081 1.2397556 2.2259564 4.4739017 0.07139969 -1.1809683 -2.9936953 2.5821042 1.4494367 -0.8646827 
-3.6972303 0.82003975 4.3492594 -3.6450768 2.0755987 -4.688747 3.4898357 -4.428114 4.4468594 -3.9713776 
2.4974842 0.9053569 -4.7090282 -4.9328537 4.302965 -0.8214283 -3.3001614 4.5275135 3.263688 -1.4763582 
-4.677413 1.3762512 -0.921607 -3.2527077 -2.930016 -0.06757307 3.487277 -3.348111 3.4942951 -0.102386475 
-2.038999 1.344924 -3.0584764 -1.7154396 0.72757435 1.781096 -0.38438892 0.93143415 -4.8764124 -2.9618073 

=================START======================
=============== SECVENTIAL ===============
Elapsed time: 1
-1.3967444 -5.1642375 -5.6904902 10.911019 -1.7846175 5.0385027 -5.2306027 -2.8687024 11.420114 -3.7185977 
0.07138278 2.3872502 0.42132184 3.9629252 -11.978178 -8.786294 19.738438 18.688738 6.1216874 -3.1415288 
2.5684354 -1.6471549 19.61232 -0.6256446 12.433624 18.210846 -1.202556 7.9622564 -13.122023 -2.1543462 
-10.654359 -4.0883646 -19.919382 4.559389 11.810803 -1.9133936 -6.3374515 -5.120607 -1.7861024 -8.599786 
1.6550192 -8.721181 -6.8323426 12.3673 -1.4625484 3.757042 2.1460238 19.578348 4.234109 -6.184153 
-5.257662 -5.892069 9.393382 -12.705427 0.08180783 2.0327978 12.990882 11.632599 4.638881 4.235244 
-16.661577 1.2035176 -8.802193 10.3509655 -0.58394724 -7.8733716 -16.334934 8.588111 -1.728647 12.294608 
-4.421327 4.245431 -8.717281 13.675201 19.637999 -3.8719463 10.942645 -8.655331 13.477383 -3.9744596 
-10.011938 6.1055226 -1.1349583 2.1960762 -13.073438 0.25765494 -1.2927265 12.788691 -0.9527454 0.26380426 
-1.6829118 -1.8834144 -1.0898806 -4.988063 -0.64655787 0.5169407 -1.8189747 -0.18071711 -3.6983454 13.33394 

=============== PARALLEL ===============
Number of elements in matrix: 100
Rounded number of elements per thread: 25
Modulo (remained elements): 0
Number of threads: 4
Thread number: 0. Amount of data: 25
Thread number: 1. Amount of data: 25
Thread number: 2. Amount of data: 25
Thread number: 3. Amount of data: 25
Elapsed time: 41
-1.3967444 -5.1642375 -5.6904902 10.911019 -1.7846175 5.0385027 -5.2306027 -2.8687024 11.420114 -3.7185977 
0.07138278 2.3872502 0.42132184 3.9629252 -11.978178 -8.786294 19.738438 18.688738 6.1216874 -3.1415288 
2.5684354 -1.6471549 19.61232 -0.6256446 12.433624 18.210846 -1.202556 7.9622564 -13.122023 -2.1543462 
-10.654359 -4.0883646 -19.919382 4.559389 11.810803 -1.9133936 -6.3374515 -5.120607 -1.7861024 -8.599786 
1.6550192 -8.721181 -6.8323426 12.3673 -1.4625484 3.757042 2.1460238 19.578348 4.234109 -6.184153 
-5.257662 -5.892069 9.393382 -12.705427 0.08180783 2.0327978 12.990882 11.632599 4.638881 4.235244 
-16.661577 1.2035176 -8.802193 10.3509655 -0.58394724 -7.8733716 -16.334934 8.588111 -1.728647 12.294608 
-4.421327 4.245431 -8.717281 13.675201 19.637999 -3.8719463 10.942645 -8.655331 13.477383 -3.9744596 
-10.011938 6.1055226 -1.1349583 2.1960762 -13.073438 0.25765494 -1.2927265 12.788691 -0.9527454 0.26380426 
-1.6829118 -1.8834144 -1.0898806 -4.988063 -0.64655787 0.5169407 -1.8189747 -0.18071711 -3.6983454 13.33394 

