Generated matrix: 
Col count: 10
Row count: 10
-4.899699 4.9548464 -0.8614993 2.590292 1.7482681 3.690013 -1.9414563 -3.480426 3.722352 2.854981 
2.6843157 -4.066927 -0.014679909 -0.083423615 -4.7574277 -4.0044494 4.4098253 -2.3941069 2.89881 -0.22330523 
-0.39288616 1.4898329 -1.8769307 3.6633282 1.6334877 4.3407087 2.9551277 0.5201864 -1.2788367 -1.1001544 
-2.0320015 -1.1745667 -1.7832713 -3.277493 -0.8184128 -0.55389595 2.8582401 -4.102936 2.1254807 -1.7800987 
-3.3201141 -3.8764806 -1.9317813 2.1609778 -3.2187657 0.14374208 -0.97181845 -1.0972829 -4.7023964 -4.777174 
3.4978933 3.3304834 4.8017645 4.328912 -3.6802368 -3.4515584 4.478654 1.0448246 3.3490543 1.0797715 
-3.5506945 4.9225397 3.4623613 2.1380682 -4.936011 -0.02947712 -1.8184419 -1.0452313 3.6052094 0.9104576 
-1.7202663 -2.5651932 -4.812379 2.575955 -0.15594482 -2.821855 -1.455934 2.8302135 1.5489297 2.3926306 
-3.5437655 -0.71320343 4.5308 -0.9159479 -0.28258705 3.218975 4.974043 -4.3009357 3.3772964 -1.2144673 
3.067749 3.0786104 3.569911 3.1881542 -4.3411894 3.0228329 2.2017388 -0.13273668 1.0222311 -4.7514772 

Generated matrix: 
Col count: 10
Row count: 10
-3.804351 -3.744574 4.540511 -3.781373 -3.3539004 4.012535 2.6074572 2.828083 -1.7776561 -0.20666838 
-2.8441615 0.7353811 -1.6796124 0.33032513 -4.7074366 4.135231 -0.046233177 -3.5053194 2.580121 -2.2188883 
-0.88830376 -3.2784038 -3.4691496 -3.699792 1.5058079 3.108467 0.41444492 2.4164891 1.2599893 1.1235638 
0.08333206 -1.8642612 4.439167 1.366044 -3.7090194 -1.3190353 -1.5887547 4.5171413 -2.9583402 1.8355932 
-2.778246 -3.5041971 3.5249662 -1.9005811 -2.455467 3.0147343 -4.1560655 3.8387089 -3.253582 2.0156426 
2.2625551 -1.5260732 -2.6566315 -0.2071228 -3.671118 2.159028 2.0847645 -4.404005 -2.2431111 -4.2656126 
3.3180742 -1.1060877 -4.8116837 4.75651 4.675332 -0.2977724 -3.7494988 2.8033996 3.7846556 1.9932384 
4.0547667 1.1127381 1.224536 2.4537206 0.35033798 -4.075094 3.6670637 -3.8866353 -3.0993986 -2.9251103 
1.7413158 -1.3220298 -4.247609 0.71277094 -4.9864793 4.96332 0.4269228 1.2447424 -4.6684556 -1.5084505 
-2.29387 -2.7053952 4.1039305 -0.90830374 -0.31501055 -0.28521633 0.6457987 0.9058027 -1.2953365 -3.6422353 

=================START======================
=============== SECVENTIAL ===============
