Generated matrix: 
Col count: 10
Row count: 10
4.8968363 -1.8384409 0.7201214 -2.0619922 -4.116126 4.0651875 -2.2472537 -1.2128508 2.2628593 -3.0252075 
1.121952 -3.876912 0.6466112 -4.2143464 -0.038609505 4.7957697 4.675311 1.3111124 0.5361948 -1.9351525 
2.0750136 1.596107 -2.687161 3.0643854 0.18858528 0.08326101 0.22407341 1.7849536 -3.9212847 -1.4075971 
-1.2888055 -1.7559009 -2.1029692 -1.7528379 -2.8834474 -1.895421 -0.6531091 4.613802 -3.0832176 2.3055534 
4.3358784 3.3391075 1.6804628 4.117464 -3.0557222 0.8240104 1.3329916 4.8949757 4.7861757 1.191803 
4.9275856 -1.680975 -4.1003885 -2.3454177 0.5471926 4.379614 -0.8077359 -1.0942583 -2.1285486 1.2028403 
1.9412999 1.3326702 2.2908278 -3.8277614 0.183568 -3.4784627 -1.027081 3.8956404 -3.6503463 2.9904938 
4.00136 1.3403835 -4.9618397 -2.479537 -3.5855484 3.9741554 1.2719135 -2.5582056 -3.251171 -2.2654839 
4.333766 2.2746038 2.404315 1.9919634 4.7857885 4.1109333 -1.0676436 -2.0896506 -2.4974174 -2.1253438 
-3.8642418 4.4417458 1.4991527 -1.6868198 3.8570032 2.9740071 -0.46052647 2.3825579 0.5125785 -1.1118894 

Generated matrix: 
Col count: 10
Row count: 10
0.5380249 -2.8898664 -2.9310198 -0.85520506 3.708829 1.4877663 -4.698736 4.8284264 0.40188694 0.3020916 
-4.8427253 4.3088274 2.253563 0.79015255 -4.018713 -0.5261402 -0.64513445 3.7696066 -2.377659 -4.8722286 
0.8304281 -2.5108957 3.2388973 1.0900841 0.7732401 -0.66068125 -2.6324213 1.3705082 2.6790404 1.1275887 
2.78614 3.7968931 -4.815788 2.6245852 3.3869066 3.0515013 -4.6223087 4.2215548 -1.0144007 -3.2017887 
4.6078024 -2.1207237 1.3018107 -2.3118072 -3.5527456 0.09919691 -1.3772404 -2.1012373 0.25321674 -3.1964576 
3.5438194 -0.4692359 4.035162 -2.91875 3.0916424 -4.139063 1.6229515 -3.5467958 1.1834617 -0.028898716 
-4.555334 -4.7473865 -1.7542565 -1.3348703 3.642393 -0.07015705 3.6742964 -1.4961672 -0.6297226 4.5072613 
1.2151198 -4.940874 -1.4404166 2.366537 1.1107359 -3.4091747 -2.6415138 0.2925086 2.6017814 4.916855 
1.0493078 3.8745918 -4.009082 2.5715156 -3.76643 -3.4646182 0.6394 -0.12590313 -1.7924113 0.5794964 
-2.0690246 4.365013 -3.9884944 3.6029358 1.1396556 -0.5314994 0.9371557 4.6497374 -4.705358 -1.8741255 

=================START======================
=============== SECVENTIAL ===============
Elapsed time: 1
2.63462 5.3128486 -2.11069 1.7634262 -15.266007 6.048049 10.559252 -5.8561606 0.90941364 -0.91388977 
-5.4333057 -16.704945 1.4571791 -3.3299766 0.15516052 -2.5232472 -3.0162044 4.942378 -1.2748884 9.428506 
1.7231497 -4.0076585 -8.703439 3.3404377 0.1458217 -0.05500899 -0.5898556 2.4462936 -10.5052805 -1.5871906 
-3.5907924 -6.666968 10.127453 -4.6004725 -9.765967 -5.7838798 3.0188718 19.477417 3.127618 -7.381895 
19.97887 -7.0813246 2.1876445 -9.518783 10.856204 0.081739284 -1.8358499 -10.285505 1.2119398 -3.8095477 
17.462473 0.7887738 -16.545732 6.8456883 1.6917237 -18.127497 -1.3109162 3.881111 -2.5190556 -0.034760542 
-8.843269 -6.3267007 -4.0186996 5.1095653 0.66862684 0.24403869 -3.7738001 -5.8285294 2.2987056 13.478937 
4.862132 -6.6226664 7.147116 -5.867916 -3.9825974 -13.54859 -3.3597772 -0.74829715 -8.458837 -11.139055 
4.5474544 8.813162 -9.639095 5.122365 -18.025337 -14.242814 -0.68265134 0.26309356 4.4763994 -1.231629 
7.995211 19.388279 -5.979362 -6.077503 4.395655 -1.580683 -0.431585 11.078268 -2.4118652 2.08382 

=============== PARALLEL ===============
Number of elements in matrix: 100
Rounded number of elements per thread: 12
Modulo (remained elements): 4
Number of threads: 8
Thread number: 0. Amount of data: 13
Thread number: 1. Amount of data: 13
Thread number: 2. Amount of data: 13
Thread number: 3. Amount of data: 13
Thread number: 4. Amount of data: 12
Thread number: 5. Amount of data: 12
Thread number: 6. Amount of data: 12
Thread number: 7. Amount of data: 12
Elapsed time: 69
2.63462 5.3128486 -2.11069 1.7634262 -15.266007 6.048049 10.559252 -5.8561606 0.90941364 -0.91388977 
-5.4333057 -16.704945 1.4571791 -3.3299766 0.15516052 -2.5232472 -3.0162044 4.942378 -1.2748884 9.428506 
1.7231497 -4.0076585 -8.703439 3.3404377 0.1458217 -0.05500899 -0.5898556 2.4462936 -10.5052805 -1.5871906 
-3.5907924 -6.666968 10.127453 -4.6004725 -9.765967 -5.7838798 3.0188718 19.477417 3.127618 -7.381895 
19.97887 -7.0813246 2.1876445 -9.518783 10.856204 0.081739284 -1.8358499 -10.285505 1.2119398 -3.8095477 
17.462473 0.7887738 -16.545732 6.8456883 1.6917237 -18.127497 -1.3109162 3.881111 -2.5190556 -0.034760542 
-8.843269 -6.3267007 -4.0186996 5.1095653 0.66862684 0.24403869 -3.7738001 -5.8285294 2.2987056 13.478937 
4.862132 -6.6226664 7.147116 -5.867916 -3.9825974 -13.54859 -3.3597772 -0.74829715 -8.458837 -11.139055 
4.5474544 8.813162 -9.639095 5.122365 -18.025337 -14.242814 -0.68265134 0.26309356 4.4763994 -1.231629 
7.995211 19.388279 -5.979362 -6.077503 4.395655 -1.580683 -0.431585 11.078268 -2.4118652 2.08382 

