Generated matrix: 
Col count: 10
Row count: 10
0.58734703 4.0093765 2.5909452 -1.6532803 2.841094 -3.0579214 -4.511239 -1.858871 4.3840256 0.38911533 
-0.9566746 -1.2708068 -0.3933344 1.6320949 -0.53408194 3.1520472 0.9464321 4.6747227 -0.098181725 -4.2099977 
-2.2020757 -3.7541878 -4.4619913 3.0932446 4.4664154 -1.8435562 1.0633588 -3.4218817 -2.8466547 3.3903522 
-4.4263225 -1.7230182 -3.7698312 1.922637 3.1300964 0.645483 4.291418 1.4596729 2.134222 4.884219 
-4.381259 3.4728508 -2.879864 -4.2367196 -3.7943978 -4.63272 1.9052691 -0.45469475 -0.11067438 1.0966353 
0.99466896 -0.661108 -0.5536361 -0.37384796 -4.817583 -0.8106365 -2.2074091 -0.61733437 -0.7923851 2.093925 
4.2886724 -2.8547125 1.6491957 -4.2645354 2.2082238 -1.9393861 -4.1860366 3.54216 2.8415956 4.856488 
1.7970085 3.333396 -1.3296556 -4.471366 4.065593 4.5973454 -3.7227392 0.3415866 1.5105624 1.8091211 
-0.09362507 -2.1178246 1.8784118 1.2442179 -0.8602667 1.9994998 4.5786037 3.7297916 1.3274212 4.035261 
3.0722551 4.6222076 -1.9600077 -1.0258942 4.1886206 4.0754204 -1.2148345 -2.3867517 -1.134963 -2.9002583 

Generated matrix: 
Col count: 10
Row count: 10
-2.0485659 -3.9419003 -0.17450762 0.88911295 -2.1502714 -3.3035307 2.7452478 0.95811796 1.7910295 3.094617 
0.41790295 2.4750128 3.3649015 3.207058 4.55196 -3.842578 -1.9955587 -1.98245 -1.9373589 1.7228642 
-0.8983755 4.756648 -3.640923 -3.6770248 -3.530857 -2.3968625 -0.7942209 0.9603925 -0.042486668 3.1105146 
3.5906506 -2.4306922 -4.8122396 0.2495265 1.7710013 1.3694448 3.3397045 -4.925856 -0.3133397 3.0696983 
-1.0354316 0.65767 -2.6007743 -0.5508957 2.1202507 3.5710735 1.5937285 -2.617209 -3.458724 -2.8439527 
-2.3000467 -0.7312393 -1.1322765 -1.0437369 -3.627168 -1.5361352 4.5139494 -1.406662 2.2136397 3.3263922 
-0.064332485 3.1971407 -3.703872 2.0167994 4.761101 -0.7826662 3.645688 -3.2879484 -1.5720272 2.454843 
0.94762087 2.383842 -2.9163103 -3.235013 2.8564973 -1.0261452 -2.9367871 -3.188918 0.047440052 -3.4762466 
0.29099894 1.107667 2.0783448 -4.406496 -4.475582 -0.5885439 -0.012890816 2.7949624 3.0620127 -1.772691 
-0.1213274 -3.699346 2.0077424 1.1338892 0.39324236 4.2388506 0.57017374 -2.956704 -4.499281 0.59020615 

=================START======================
=============== SECVENTIAL ===============
Elapsed time: 1
0.82343525 -234.22379 -0.18711002 1.9236007 -8.843258 -1.5879924 7.0127583 1.977254 1.2715546 0.3456531 
0.7420531 -2.611898 -0.44539848 1.0816404 -0.6050755 17.540115 1.8002218 -3.442223 -0.09344605 2.9163103 
-0.63806546 -17.813526 -2.0049288 19.483255 -16.856543 -1.0420552 -3.1379519 1.3351063 -0.041861873 1.6222051 
19.018682 -1.0082858 -2.1138642 0.22086222 1.1310537 0.43870223 1.8781074 2.0743678 -0.3672596 1.884993 
-0.8375029 0.55295444 -1.3666065 -0.48750585 4.8054767 15.583138 0.8678147 -0.38739207 -0.10724276 1.7848957 
1.7525847 -0.34720373 -0.37182778 -0.27525613 -2.069236 -0.5306214 -4.3199477 -0.42904267 -1.2341597 1.28502 
-0.06531221 -26.653517 2.9729302 3.826389 1.5085502 -0.5576278 28.242855 -45.813976 -3.5185697 1.6306081 
0.6204418 1.3898824 -0.91326416 -1.877007 1.6777238 -1.3209969 -1.6416922 0.3825658 0.045995537 3.7723324 
-0.13803649 2.3222558 0.98666346 1.7337631 -0.721571 -0.83403987 -0.012927212 1.5977043 0.925992 -3.1615689 
-0.12631577 -18.5284 -82.43846 -10.771335 0.35949197 2.0777647 1.0744671 -1.3206656 -0.9063359 0.7410007 

=============== PARALLEL ===============
Number of elements in matrix: 100
Rounded number of elements per thread: 12
Modulo (remained elements): 4
Number of threads: 8
Elapsed time: 26
0.82343525 -234.22379 -0.18711002 1.9236007 -8.843258 -1.5879924 7.0127583 1.977254 1.2715546 0.3456531 
0.7420531 -2.611898 -0.44539848 1.0816404 -0.6050755 17.540115 1.8002218 -3.442223 -0.09344605 2.9163103 
-0.63806546 -17.813526 -2.0049288 19.483255 -16.856543 -1.0420552 -3.1379519 1.3351063 -0.041861873 1.6222051 
19.018682 -1.0082858 -2.1138642 0.22086222 1.1310537 0.43870223 1.8781074 2.0743678 -0.3672596 1.884993 
-0.8375029 0.55295444 -1.3666065 -0.48750585 4.8054767 15.583138 0.8678147 -0.38739207 -0.10724276 1.7848957 
1.7525847 -0.34720373 -0.37182778 -0.27525613 -2.069236 -0.5306214 -4.3199477 -0.42904267 -1.2341597 1.28502 
-0.06531221 -26.653517 2.9729302 3.826389 1.5085502 -0.5576278 28.242855 -45.813976 -3.5185697 1.6306081 
0.6204418 1.3898824 -0.91326416 -1.877007 1.6777238 -1.3209969 -1.6416922 0.3825658 0.045995537 3.7723324 
-0.13803649 2.3222558 0.98666346 1.7337631 -0.721571 -0.83403987 -0.012927212 1.5977043 0.925992 -3.1615689 
-0.12631577 -18.5284 -82.43846 -10.771335 0.35949197 2.0777647 1.0744671 -1.3206656 -0.9063359 0.7410007 

