Generated matrix: 
Col count: 10
Row count: 10
1.763907 2.2808132 -1.117413 1.8559575 -2.152452 -4.585617 3.358858 2.5337486 -0.36269665 1.4679804 
0.7970352 -2.3669183 0.68811417 0.6992121 3.1333647 2.0988617 0.18135357 4.7224636 2.9511685 3.64114 
-2.3632689 1.093368 1.5452824 1.8862429 2.8202848 3.071228 2.9940267 -3.5245223 1.6722603 1.8871498 
4.679923 -2.4609466 -0.91974497 1.1059241 -1.1314983 -4.267552 -2.613308 2.1401477 -0.29079676 -2.3466158 
-4.2665954 1.2356048 -0.40785694 1.8678045 -1.2959762 -3.3409917 -2.435946 -1.0975571 3.6272726 -0.97469425 
-2.4828415 -2.1197164 -1.3420658 2.1257954 2.3132205 2.4854856 -0.93001556 -1.0347307 1.7452078 -1.3206637 
-3.3026886 1.472702 2.280508 -2.887032 -1.8329537 -0.71680975 -2.4613886 0.09165096 -3.579657 -4.352292 
3.2547855 -1.1336327 -1.6565776 -2.2580767 4.548087 4.1193314 -0.6180167 -3.9728875 -2.7181954 4.9605637 
-4.56499 -2.242335 -2.5318217 -1.7167222 -1.3237004 3.9046764 1.4741993 -3.3113742 -0.8035035 -4.371272 
-3.664978 4.668535 -0.6357107 -4.276542 0.03575039 -3.3567019 4.847954 -4.8174334 0.0971365 -1.365921 

Generated matrix: 
Col count: 10
Row count: 10
1.4994497 4.01525 -0.73170376 -3.3135467 3.3704643 -4.2711716 -3.681579 -1.9423151 -4.5025163 4.373847 
-0.2855692 -3.9228005 -1.3385868 2.8487487 1.9135742 1.4572783 -1.0968165 -1.7878032 1.7863789 3.6713133 
-4.626994 -0.74368715 4.6696596 -2.6366835 -1.7733169 -0.46015358 1.2412314 4.1691036 -2.7170558 4.7341766 
2.9735417 -2.0875125 -0.5471144 1.5458717 -1.3150334 -3.9842205 2.38409 -0.022596836 1.6434693 -3.2087965 
-3.9279675 -4.6161385 2.9224558 -2.252177 -2.4696608 -0.92932415 -4.945943 -4.621928 4.036026 -0.7706871 
1.417923 0.33086348 2.4388118 -0.72029495 4.84746 1.2177248 -1.0857677 0.4161477 2.3900943 -4.6510477 
0.1238575 4.855131 -1.5604587 -0.19589806 1.704154 -2.7421248 2.1385164 2.7821326 -1.5737243 3.6273155 
-3.74165 4.059476 -3.7534947 0.020263672 -1.9176745 -2.4513726 -4.798479 1.3129597 0.19323587 -4.13379 
3.000842 2.436204 2.6899843 0.98993206 -2.0564234 -1.3403873 3.086463 0.54145145 1.0570531 -3.8602214 
-4.011716 2.041545 -2.8534508 0.82166433 -0.7348337 -1.7593384 2.6896687 0.44537973 4.661165 2.9590316 

=================START======================
=============== SECVENTIAL ===============
Elapsed time: 1
0.81048137 1.4545654 -0.44216532 4.21916 -5.9562306 -2.2114062 38.31762 -8.321033 -0.33565798 1.0990947 
-0.4450124 -1.4762104 1.4160482 0.5614153 1.1880322 0.86009705 0.21727978 -2.8769379 1.112792 1.8280823 
-1.5642947 -2.3253305 1.1610637 6.627341 -4.7768974 -0.5412471 0.8774625 -22.796347 4.3488173 1.3492916 
1.8182545 -1.12945 -0.34304973 0.64470154 -0.60819083 -2.0605109 27.180937 -0.022837972 -0.35331208 -1.3554013 
-2.0451424 1.6872256 -0.47400957 10.944141 -0.8499549 -0.7270807 -1.6321094 -0.88693815 1.910374 -0.43038407 
3.3058658 0.39205948 -2.9843245 -1.0894337 1.5659467 0.817301 -0.5009372 0.6961084 1.0086836 -1.0285945 
0.12868339 1.1299542 -4.942214 -0.18345015 24.251892 -0.56826216 16.302797 0.088728026 -1.093145 21.776072 
25.013666 -1.5728644 -1.1493294 0.020447163 -3.3157346 -6.054116 -0.5475016 1.9610461 0.20802428 -24.802351 
8.758004 -28.177727 -43.060513 2.3382792 -0.8053221 -2.0410254 0.9976756 0.64729184 -3.3498216 -2.0499413 
-1.915258 1.420404 -0.51988685 1.0170786 0.037578624 -1.1543252 1.7299075 0.49075043 0.09515355 -2.5370514 

=============== PARALLEL ===============
Number of elements in matrix: 100
Rounded number of elements per thread: 16
Modulo (remained elements): 4
Number of threads: 6
Elapsed time: 23
0.81048137 1.4545654 -0.44216532 4.21916 -5.9562306 -2.2114062 38.31762 -8.321033 -0.33565798 1.0990947 
-0.4450124 -1.4762104 1.4160482 0.5614153 1.1880322 0.86009705 0.21727978 -2.8769379 1.112792 1.8280823 
-1.5642947 -2.3253305 1.1610637 6.627341 -4.7768974 -0.5412471 0.8774625 -22.796347 4.3488173 1.3492916 
1.8182545 -1.12945 -0.34304973 0.64470154 -0.60819083 -2.0605109 27.180937 -0.022837972 -0.35331208 -1.3554013 
-2.0451424 1.6872256 -0.47400957 10.944141 -0.8499549 -0.7270807 -1.6321094 -0.88693815 1.910374 -0.43038407 
3.3058658 0.39205948 -2.9843245 -1.0894337 1.5659467 0.817301 -0.5009372 0.6961084 1.0086836 -1.0285945 
0.12868339 1.1299542 -4.942214 -0.18345015 24.251892 -0.56826216 16.302797 0.088728026 -1.093145 21.776072 
25.013666 -1.5728644 -1.1493294 0.020447163 -3.3157346 -6.054116 -0.5475016 1.9610461 0.20802428 -24.802351 
8.758004 -28.177727 -43.060513 2.3382792 -0.8053221 -2.0410254 0.9976756 0.64729184 -3.3498216 -2.0499413 
-1.915258 1.420404 -0.51988685 1.0170786 0.037578624 -1.1543252 1.7299075 0.49075043 0.09515355 -2.5370514 

