Generated matrix: 
Col count: 10
Row count: 10
1.6882868 -4.9907484 -0.23226357 3.7490005 -3.1863399 3.0173454 4.6283207 0.57548046 0.49150753 3.0329046 
-4.8191075 -1.990612 2.7062469 -1.8361335 1.7304606 0.2655449 0.1713872 -4.0862584 4.309517 2.0151386 
-3.4796882 -3.0259347 2.4277039 2.8825054 2.5683522 -3.9960504 0.7459955 4.7869053 -1.1433024 -0.99803543 
-3.2270818 0.013475418 -4.6580887 3.6369095 -2.4447255 1.9224148 4.908847 -4.8735275 -3.3461447 2.9540215 
4.775526 -4.7180624 -0.8628268 -2.6415677 -0.60162115 -2.4499762 -4.01857 -1.5472693 -0.5963583 -2.8122659 
4.126686 2.5459423 -2.2495503 -3.9577003 -0.09192419 -2.3831654 -1.1858058 3.2465448 0.9634352 3.804246 
0.5624366 0.9823327 0.7278633 2.4799304 -0.66654205 2.3442197 4.880581 -0.39401245 0.9292145 2.3167114 
-3.364565 -0.999588 -1.5339093 3.5570736 -2.5048594 -0.40606308 4.5106134 3.678588 -1.6412826 3.5893097 
2.9417515 -2.7853374 -2.0742083 -3.7582798 0.36135864 2.6016254 -2.1692557 2.658804 1.010694 -3.9317327 
-2.5790977 -1.7555122 -3.5089052 1.014986 2.5288434 1.1377668 -1.7657595 3.5881042 -2.1513677 1.961833 

Generated matrix: 
Col count: 10
Row count: 10
-2.1181524 -4.980093 -1.1152129 -3.5817342 -2.567935 -4.2420235 -1.9173551 3.5341473 -3.737455 -0.6746378 
-1.742547 -1.22298 -2.3232703 -1.3557224 1.3110485 -0.3451395 0.32498312 -0.3402233 -0.64012766 -2.0415883 
4.266926 -3.5130298 0.6028724 -0.5951004 2.2628937 -4.022313 1.7454824 -1.6893001 1.4643974 4.093364 
-0.31448555 3.0420008 1.525528 0.34472275 -4.01623 1.6346927 2.4455361 2.911213 0.81820726 -3.813665 
-0.5005603 -3.9887774 -2.5066323 -2.265823 -3.6028485 2.3158712 1.8907409 -0.5447464 -0.5330758 -1.6257601 
2.6510973 -2.4499745 0.97692966 -3.6330752 0.4332738 4.273761 4.636821 4.2796764 -2.2417026 2.7149367 
-0.53736687 1.5729499 3.0922403 -4.676309 3.3031664 3.430709 3.7212048 -1.6166258 -4.169929 3.048727 
-4.691026 -1.106664 4.2594376 4.5456333 1.8900104 3.271327 -2.271576 4.8574524 -2.5681686 4.2506676 
-2.5190973 -0.6522789 -0.5983553 1.983109 -3.137499 -4.698803 0.2992277 2.087058 4.7848606 -0.52839756 
-4.4158096 -0.0925231 -1.3549824 -0.5439453 -4.5498657 0.06478691 2.688303 4.935175 4.506263 0.23294067 

=================START======================
=============== SECVENTIAL ===============
