Generated matrix: 
Col count: 10
Row count: 10
-1.3153243 0.32012224 -0.045121193 -0.21626472 -1.740514 -2.0115595 -2.9625201 -4.836792 4.26954 3.8573465 
-2.8949838 -3.5819101 -3.0223112 0.7072587 3.485691 -4.4889665 -2.2465081 -4.219062 -3.7724411 3.051875 
-2.7823286 4.6902905 3.6956701 1.6001172 -3.1369658 0.9563093 -0.10796785 3.5279646 0.38931847 -0.8849907 
-4.691969 -0.62169075 2.4970098 1.5223212 -3.109684 -3.8071346 3.5047474 -4.6700134 3.7885342 -1.2875957 
-3.9788413 -1.7283082 -0.8929033 2.0561528 0.80595016 -3.8851178 -3.0399501 0.64484835 -1.1559701 4.150818 
-1.80903 1.1967154 4.133893 2.696601 -4.4622707 4.834057 0.5172181 -2.917306 -0.42954922 -4.7921367 
-2.533362 -4.6565347 4.091505 2.3776221 -4.324814 -1.8064566 3.947029 0.55343723 -2.2174544 1.767417 
-1.6458023 -2.9209752 2.0146713 1.963254 -0.7022047 -1.1503763 3.9456387 2.5350256 1.6001453 -4.857728 
1.210969 -3.1783538 -0.3669243 -4.707739 -2.3362641 4.2212257 4.938401 -0.7347603 2.1781182 -1.7229414 
0.27986956 -4.2829876 -4.264041 -0.86455345 3.7962132 -1.8486953 1.4023166 1.7906957 3.2998104 -3.8901627 

Generated matrix: 
Col count: 10
Row count: 10
0.78474617 -4.8920107 -4.387398 -3.429811 -1.7873716 -0.70036936 0.8007312 -4.222209 -1.5414791 0.04519701 
1.8185301 4.2727613 3.8003263 1.5432997 -1.6361725 -3.1547494 2.6946664 3.7451925 0.5492687 4.3008804 
1.5579805 -1.8371952 -4.416209 -1.7417569 -2.9515047 3.811637 -4.7837687 2.5321732 2.8816595 -1.0807383 
-4.1928234 2.0596385 -0.6776023 3.4111843 -1.940341 0.66099405 -3.0356252 2.316904 2.554669 3.3405323 
-1.2296276 -3.9090157 -2.8897858 4.240615 -4.6938047 2.4186058 -4.174218 2.9782414 0.0066781044 -3.0941641 
-0.39335346 -4.10196 1.6761665 0.7059264 -2.4900599 4.0388947 -4.5866733 -0.29976368 4.848361 1.3816671 
-3.9164996 -2.5372453 1.4657712 -1.4473093 -1.680315 -2.451179 4.7058525 2.7133312 -3.0497913 -3.6489434 
0.4808178 1.262475 2.5184488 -2.9206204 0.5685959 -1.60989 -0.87533045 -3.4007943 -0.713212 0.90134907 
-0.214221 -2.3141785 1.3791494 -4.6824074 -3.3646626 -0.4621787 0.080848694 -2.427373 -4.010604 3.4841862 
-1.4161563 0.9551425 -1.8438911 0.094986916 4.591337 -3.1144853 -1.9030471 -0.7270069 0.3245883 -2.9849946 

=================START======================
=============== SECVENTIAL ===============
Elapsed time: 1
1.945417 0.3425371 -0.044661876 -0.20343713 -0.8818158 -0.5194954 1.0973237 -2.2543266 -2.4124851 0.044673566 
4.8907022 -22.153324 -14.762906 0.48499617 -3.0836089 -1.8527068 -13.507709 33.34506 0.6428709 1.7851471 
3.5405076 -3.020221 22.6509 19.676788 -1.5207052 0.7645019 -0.10558484 1.4741278 0.342981 -0.48655912 
-2.2141876 -0.89047617 -0.9299619 1.0525819 -1.1948153 0.7998668 -22.678732 4.5981603 1.5257986 -2.0951722 
-0.9393343 -1.1984382 -0.68213356 1.3847346 0.9730232 6.4074283 -1.7589575 0.5300763 0.006716909 -12.154703 
-0.32309917 1.689661 1.1926028 0.559467 -1.5982152 2.200423 0.5829553 -0.27183196 -0.47130534 1.9414153 
-1.5383137 -1.6423591 1.0791637 -3.6989217 -1.2101405 -1.0400017 2.146584 0.45967707 -1.2839297 3.4276447 
0.6792632 2.2234898 1.1192836 5.989263 2.9883559 -0.67094225 -1.1248832 9.957742 -1.2867291 1.106696 
-0.26026136 -1.3391415 -0.49993163 -2.3475194 -1.3788531 -0.51900405 0.07954641 -0.56402975 4.7670603 -3.4084122 
0.34880194 1.2292831 -1.2872487 0.10671107 2.0780437 -1.1600896 5.329562 -1.2238995 0.29551932 -1.6889963 

=============== PARALLEL ===============
Number of elements in matrix: 100
Rounded number of elements per thread: 0
Modulo (remained elements): 100
Number of threads: 128
Elapsed time: 39
1.945417 0.3425371 -0.044661876 -0.20343713 -0.8818158 -0.5194954 1.0973237 -2.2543266 -2.4124851 0.044673566 
4.8907022 -22.153324 -14.762906 0.48499617 -3.0836089 -1.8527068 -13.507709 33.34506 0.6428709 1.7851471 
3.5405076 -3.020221 22.6509 19.676788 -1.5207052 0.7645019 -0.10558484 1.4741278 0.342981 -0.48655912 
-2.2141876 -0.89047617 -0.9299619 1.0525819 -1.1948153 0.7998668 -22.678732 4.5981603 1.5257986 -2.0951722 
-0.9393343 -1.1984382 -0.68213356 1.3847346 0.9730232 6.4074283 -1.7589575 0.5300763 0.006716909 -12.154703 
-0.32309917 1.689661 1.1926028 0.559467 -1.5982152 2.200423 0.5829553 -0.27183196 -0.47130534 1.9414153 
-1.5383137 -1.6423591 1.0791637 -3.6989217 -1.2101405 -1.0400017 2.146584 0.45967707 -1.2839297 3.4276447 
0.6792632 2.2234898 1.1192836 5.989263 2.9883559 -0.67094225 -1.1248832 9.957742 -1.2867291 1.106696 
-0.26026136 -1.3391415 -0.49993163 -2.3475194 -1.3788531 -0.51900405 0.07954641 -0.56402975 4.7670603 -3.4084122 
0.34880194 1.2292831 -1.2872487 0.10671107 2.0780437 -1.1600896 5.329562 -1.2238995 0.29551932 -1.6889963 

