Generated matrix: 
Col count: 10
Row count: 10
4.869423 2.2260003 -4.3115516 -1.8415821 -4.3123274 -4.0985956 -0.5334382 -4.2133465 3.1469145 -3.4311552 
-3.3646548 0.4897504 -3.0219464 0.38125896 -0.85053635 1.3801613 -2.0031655 4.3133774 -2.419438 -2.7579088 
4.5555105 4.245226 1.5848742 -2.2132695 0.34279108 -3.156314 -3.0258303 1.4279742 1.0130095 0.7569914 
1.1163764 1.7381406 -4.649689 -2.8290553 -2.4341412 -2.4609227 4.3765907 0.86526394 -0.7348943 -4.449999 
-0.76276016 2.1652803 -1.9956088 3.8388786 -2.5033479 2.5006847 4.36467 -2.270217 3.2027645 2.3329978 
-4.451044 3.056467 0.6993537 -1.0479503 -0.5678425 0.0055675507 -3.4543352 2.8052592 -1.9114447 1.5757985 
0.32052517 -2.3704457 -3.0940807 -4.262025 -0.27594328 0.5031004 0.23778248 -1.408323 0.83234024 0.10280132 
-1.8906891 -4.4140596 2.1030326 2.8050337 2.6621366 -0.3568678 3.6734152 -2.0560932 -2.6593976 3.767705 
-1.556776 2.4672947 -4.016736 3.4368763 1.6058846 -3.3888733 -4.657216 2.2915993 2.8024812 2.0331101 
0.6243124 -3.062057 3.4483747 1.3759847 4.572998 1.1268926 -1.5455179 -1.4837754 1.7778182 1.3315749 

Generated matrix: 
Col count: 10
Row count: 10
0.3717308 -4.8730297 -0.83013916 -0.55682087 -2.3277664 -4.244783 4.3133297 0.6498747 1.5946889 -2.2245355 
-4.1920586 -3.2324963 -4.2189317 -2.4910212 -4.1107645 -4.3913 4.279623 0.9446058 -2.267828 3.1915855 
-0.24512053 -0.8999281 -2.2069721 -2.485289 -0.2961445 -0.36059332 3.181013 4.607252 2.810978 -0.78852844 
2.1064892 0.9794655 -4.630068 4.6765003 1.1356697 2.3563619 2.9530888 -3.6964197 0.6770811 -0.38312006 
0.61863136 -4.2055225 1.8737025 -3.3477921 -4.7813325 -3.9578283 -3.9259524 -4.0976562 1.5213919 -4.4291506 
-2.8411233 -0.33738422 4.5058174 -2.8857017 -2.7824712 4.936227 -0.6457844 -1.4607458 -4.9348783 -2.759384 
-1.7132199 2.857995 2.691257 1.981463 -4.2070026 -1.7693973 -2.5890386 -2.0531864 -3.7409341 -4.7570457 
2.88414 -4.66564 -2.879368 -2.7455723 3.5718365 4.2282486 -2.9580414 -4.086833 -1.9466586 -0.66027164 
-0.8008714 1.9917965 3.0412035 3.4017649 0.39526463 -3.7611418 3.1611958 -2.8241205 4.735361 3.9887104 
0.52736044 -4.5644026 -2.8811927 4.6238728 1.9105968 -0.588007 4.4569654 4.718992 1.6014175 0.43109798 

=================START======================
=============== SECVENTIAL ===============
Elapsed time: 3
1.8101145 -10.847365 3.5791879 1.0254313 10.038091 17.397648 -2.3008947 -2.7381473 5.0183496 7.6327267 
14.10483 -1.5831163 12.749386 -0.94972414 3.4963546 -6.0607023 -8.572793 4.0744414 5.486869 -8.802102 
-1.1166492 -3.820398 -3.4977732 5.5006146 -0.10151569 1.1381457 -9.625206 6.579037 2.8475475 -0.5969092 
2.3516347 1.7024487 21.528376 -13.230078 -2.7643805 -5.7988243 12.924461 -3.1983788 -0.49758303 1.7048838 
-0.47186735 -9.106135 -3.7391772 -12.851768 11.969338 -9.897281 -17.135487 9.302568 4.8726597 -10.333199 
12.645966 -1.0312037 3.15116 3.024072 1.5800053 0.027482692 2.2307558 -4.0977707 9.432747 -4.348233 
-0.5491301 -6.774722 -8.326966 -8.4450445 1.1608942 -0.89018446 -0.615628 2.8915498 -3.11373 -0.4890306 
-5.453012 20.594412 -6.0554047 -7.7014227 9.508717 -1.5089257 -10.866115 8.402909 5.176939 -2.4877088 
1.2467774 4.914349 -12.215712 11.691445 0.63474935 12.746033 -14.722372 -6.4717526 13.270761 8.109488 
0.32923767 13.976461 -9.935432 6.362378 8.737156 -0.66262066 -6.88832 -7.0019245 2.8470292 0.5740393 

=============== PARALLEL ===============
Number of elements in matrix: 100
Rounded number of elements per thread: 16
Modulo (remained elements): 4
Number of threads: 6
Thread number: 0. Amount of data: 17
Thread number: 1. Amount of data: 17
Thread number: 2. Amount of data: 17
Thread number: 3. Amount of data: 17
Thread number: 4. Amount of data: 16
Thread number: 5. Amount of data: 16
Elapsed time: 61
1.8101145 -10.847365 3.5791879 1.0254313 10.038091 17.397648 -2.3008947 -2.7381473 5.0183496 7.6327267 
14.10483 -1.5831163 12.749386 -0.94972414 3.4963546 -6.0607023 -8.572793 4.0744414 5.486869 -8.802102 
-1.1166492 -3.820398 -3.4977732 5.5006146 -0.10151569 1.1381457 -9.625206 6.579037 2.8475475 -0.5969092 
2.3516347 1.7024487 21.528376 -13.230078 -2.7643805 -5.7988243 12.924461 -3.1983788 -0.49758303 1.7048838 
-0.47186735 -9.106135 -3.7391772 -12.851768 11.969338 -9.897281 -17.135487 9.302568 4.8726597 -10.333199 
12.645966 -1.0312037 3.15116 3.024072 1.5800053 0.027482692 2.2307558 -4.0977707 9.432747 -4.348233 
-0.5491301 -6.774722 -8.326966 -8.4450445 1.1608942 -0.89018446 -0.615628 2.8915498 -3.11373 -0.4890306 
-5.453012 20.594412 -6.0554047 -7.7014227 9.508717 -1.5089257 -10.866115 8.402909 5.176939 -2.4877088 
1.2467774 4.914349 -12.215712 11.691445 0.63474935 12.746033 -14.722372 -6.4717526 13.270761 8.109488 
0.32923767 13.976461 -9.935432 6.362378 8.737156 -0.66262066 -6.88832 -7.0019245 2.8470292 0.5740393 

