Generated matrix: 
Col count: 10
Row count: 10
1.7806425 4.633129 -3.2585 0.14311504 1.0817595 2.122128 -2.6399512 -3.637938 -3.5977244 -2.313372 
-2.5855498 -3.6625667 3.1768665 2.7221818 -2.8257108 1.9640107 -0.5311465 3.8170338 -4.926014 0.34375906 
-3.2588851 -4.1663675 2.8076653 2.0074673 1.2493329 2.1649017 3.6221886 0.8194876 0.74001026 -1.1025019 
-2.493379 1.9272614 -2.669052 1.7529802 -2.6581132 3.7795038 1.4724703 4.4636145 4.9106674 -0.59339714 
0.65737724 4.369732 -3.0232935 4.0467577 -4.7284164 -2.1464438 0.9577317 2.9308558 -1.35813 2.2601418 
0.6017389 -1.8665612 -1.7901845 -2.6346283 2.6279974 4.2879324 4.890568 3.5562487 0.6388922 3.4895763 
1.3917212 3.668396 -2.5952654 2.6132746 1.6825528 4.0146084 -2.439549 -4.2937126 0.30982065 -1.6725974 
1.05129 -1.8659914 -4.973006 -2.9248607 1.5763068 2.2237725 0.69435406 -2.501113 1.5866289 -0.36396742 
-1.1458821 -4.4844046 -4.0852065 -1.630425 1.3052263 -4.24172 4.1875134 0.8594074 -1.3045092 -2.9518466 
-0.81600714 -0.8595171 -3.8054867 -3.2545996 -4.846391 -2.4784203 -1.9294822 3.0893784 -0.26015043 -1.9581385 

Generated matrix: 
Col count: 10
Row count: 10
-4.889497 1.856503 3.0425148 -1.525389 2.7198057 4.632103 1.9893827 2.5110817 0.9192991 -4.4352636 
1.6149197 1.6216927 -1.1875701 1.6575022 3.1217155 3.9771166 -2.8124034 -3.883096 2.3257751 -2.3500733 
1.3029299 2.8479295 -1.1133671 -0.5537443 -2.5996513 3.3328915 3.755597 2.3804245 -2.2747803 0.49584198 
-1.2702103 0.6542783 -0.32043839 1.0251594 1.5967016 1.5934825 0.88439703 1.4513931 3.845686 -3.7116747 
-2.6743984 0.15921211 -4.4076157 0.55567217 1.1437864 -1.2889333 -3.47606 2.557088 -3.980087 0.29197502 
-0.82724524 4.15738 -4.6966276 -0.1780467 -4.4586234 -2.524156 3.1081781 1.053504 3.439149 2.563424 
4.4270954 -2.3389244 0.2918749 4.6332283 3.025488 2.4785094 -0.38027 1.5860534 -2.5996618 -3.6536002 
-4.1521063 2.9195552 -4.369811 2.8476515 3.1521091 -3.3912497 0.48522043 0.045963287 2.212028 -0.2781396 
0.98065186 -4.6354065 -1.8554938 3.8209085 -4.3098073 -4.726204 3.6439142 -3.5712385 4.919277 0.4733305 
3.1251822 2.7676015 2.381702 -2.1039152 -1.8627362 -3.2614076 4.7206373 -1.0886931 -2.2894275 -0.2247076 

=================START======================
=============== SECVENTIAL ===============
Elapsed time: 1
2.800532 1.3254093 45.901405 0.1579326 0.77393794 1.4553715 8.072743 8.106764 1.2348244 -1.5203686 
4.3017983 2.9103007 -1.8965256 1.0302163 -29.800415 1.3147504 -0.44677013 224.36182 4.4060574 0.40265822 
2.170857 8.99968 -1.8449893 -0.7646736 2.4052324 1.3124143 1.8438435 0.6096193 1.0968162 0.90110904 
-0.8415147 0.48845473 -0.28609115 0.646866 3.99865 1.1208986 0.55253357 1.095258 2.1567066 -0.5116052 
0.87162626 0.15361512 -1.7932551 0.48858336 1.5087466 -0.8053331 1.3219614 1.3656218 -1.0125995 0.2585716 
2.207414 -3.3874369 -1.2961421 -0.16677608 6.40068 -6.1364985 1.9003923 0.8127382 0.5387992 1.4778231 
1.0588549 -6.4537683 0.32885993 1.6708608 1.0812446 1.5324293 -0.32898825 2.5151088 0.3517401 -1.147348 
1.4077158 -5.1708922 -2.3259683 107.87541 1.0508151 6.459542 0.285624 0.046823774 0.92392325 -0.1576587 
6.800881 -2.2793276 -1.2759565 -2.8439858 1.8722323 -2.2354376 1.948424 1.1317625 -1.7752846 0.563724 
-1.1043645 -1.2466958 6.365805 -1.2778544 -1.3455622 -1.4082546 -3.2633033 -1.6811165 -0.23360555 -0.20157564 

=============== PARALLEL ===============
Number of elements in matrix: 100
Rounded number of elements per thread: 0
Modulo (remained elements): 100
Number of threads: 256
Elapsed time: 47
2.800532 1.3254093 45.901405 0.1579326 0.77393794 1.4553715 8.072743 8.106764 1.2348244 -1.5203686 
4.3017983 2.9103007 -1.8965256 1.0302163 -29.800415 1.3147504 -0.44677013 224.36182 4.4060574 0.40265822 
2.170857 8.99968 -1.8449893 -0.7646736 2.4052324 1.3124143 1.8438435 0.6096193 1.0968162 0.90110904 
-0.8415147 0.48845473 -0.28609115 0.646866 3.99865 1.1208986 0.55253357 1.095258 2.1567066 -0.5116052 
0.87162626 0.15361512 -1.7932551 0.48858336 1.5087466 -0.8053331 1.3219614 1.3656218 -1.0125995 0.2585716 
2.207414 -3.3874369 -1.2961421 -0.16677608 6.40068 -6.1364985 1.9003923 0.8127382 0.5387992 1.4778231 
1.0588549 -6.4537683 0.32885993 1.6708608 1.0812446 1.5324293 -0.32898825 2.5151088 0.3517401 -1.147348 
1.4077158 -5.1708922 -2.3259683 107.87541 1.0508151 6.459542 0.285624 0.046823774 0.92392325 -0.1576587 
6.800881 -2.2793276 -1.2759565 -2.8439858 1.8722323 -2.2354376 1.948424 1.1317625 -1.7752846 0.563724 
-1.1043645 -1.2466958 6.365805 -1.2778544 -1.3455622 -1.4082546 -3.2633033 -1.6811165 -0.23360555 -0.20157564 

