Generated matrix: 
Col count: 10
Row count: 10
-0.3490467 2.688219 -0.76003265 0.03668785 2.5008755 -1.9920497 -1.9281979 0.14571762 1.7969584 1.2195401 
-3.9251423 -2.2176826 -1.4784193 1.3026371 -3.8415904 -2.6405048 -2.5187778 4.8986797 -3.485515 -3.2999802 
-0.70047855 -2.268508 -0.24783993 -4.6720304 -4.8242383 3.8392649 -0.91984797 3.5339031 0.031440735 -2.569365 
0.9422755 3.111968 2.2395177 -3.597818 -2.3573804 -0.80973864 0.63260317 0.31595945 0.5720577 -3.4807146 
3.7636318 -4.884569 3.4638329 -2.9803705 1.3222141 4.6441326 2.743453 -4.952324 1.6002607 -3.3821945 
-3.6415768 4.6018133 2.390932 0.987957 4.6188946 -1.8975496 0.66629314 -1.5705609 3.4750319 -0.86570644 
0.8131418 -0.8003526 -2.4941378 3.9923992 3.6465416 -0.02859211 2.683857 -3.465838 2.4311018 1.9609461 
-3.0228817 2.8737922 -4.183306 -4.8118067 -4.8943624 2.1860428 -3.934979 4.8569202 -4.3902845 -4.709306 
-1.1355114 -0.6290202 -2.0713902 -3.0968194 -4.907403 -0.43934774 1.8184085 1.2508769 -3.6916904 3.3363838 
4.333831 -4.883823 2.7934694 3.678937 2.214199 0.88010883 3.3955765 3.9843597 2.085547 3.563592 

Generated matrix: 
Col count: 10
Row count: 10
0.0685339 -1.9155192 2.9363174 -3.3863723 1.2090278 1.4406614 -3.8578458 -2.1690893 -1.9790244 0.1480012 
-2.5139773 -1.3878977 -1.8828225 -0.5166111 3.5046024 0.96915007 3.3253593 -0.8159981 4.733178 -0.3695674 
1.6759481 -2.240221 0.44292545 3.1216135 1.3130674 -1.3630986 0.97164345 2.9212232 0.62167597 1.4185514 
3.2279224 3.597103 0.2668066 -1.9404287 4.167097 -3.0792046 -0.3086133 -3.7852483 3.5438185 -2.849865 
0.54389 -3.225752 -3.1290202 3.4441261 -0.3355484 4.888174 -1.1309166 4.3634996 3.8374262 0.25614738 
-3.333158 1.9060974 1.2404184 3.673108 -3.7135882 1.975739 1.1365175 -0.25696373 -0.52957153 0.6899762 
4.1510487 -3.833754 -4.5808215 2.7559085 2.7610106 -4.6506352 1.5224428 -1.7999606 2.2502513 -4.538707 
2.490532 -3.8997607 0.22331142 3.0514984 0.49299335 0.3638053 1.2338448 4.4529095 2.8626099 -0.08990288 
-2.3907895 -3.689067 4.759302 -1.6096938 -1.8882375 -1.4807248 3.837183 1.5078745 -0.32836676 3.8153114 
2.623343 0.4443903 0.5885229 4.4117107 2.985373 0.35725403 4.895673 -4.157585 0.003648758 3.5630398 

=================START======================
=============== SECVENTIAL ===============
Elapsed time: 1
-0.02392153 -5.1493354 -2.231697 -0.12423872 3.023628 -2.8698692 7.43869 -0.31607452 -3.5562246 0.1804934 
9.867719 3.0779166 2.783601 -0.67295676 -13.463247 -2.5590456 -8.375841 -3.9973133 -16.497564 1.219565 
-1.1739657 5.0819592 -0.10977461 -14.584273 -6.3345504 -5.233297 -0.89376426 10.323319 0.01954595 -3.6447766 
3.0415924 11.19407 0.5975181 6.9813094 -9.823433 2.493351 -0.19522975 -1.195985 2.0272686 9.919566 
2.0470016 15.75641 -10.838403 -10.264772 -0.44366685 22.701328 -3.1026165 -21.609463 6.1408825 -0.8663403 
12.137951 8.771504 2.9657562 3.6288729 -17.152672 -3.7490628 0.7572538 0.4035772 -1.8402779 -0.59731686 
3.3753912 3.0683548 11.4251995 11.0026865 10.06814 0.13297147 4.0860186 6.238372 5.47059 -8.900159 
-7.5285835 -11.207102 -0.9341801 -14.683221 -2.412888 0.7952939 -4.855153 21.627426 -12.567672 0.42338014 
2.7147686 2.3204978 -9.858372 4.984931 9.266342 0.6505531 6.9775662 1.8861654 1.2122284 12.729343 
11.369124 -2.1703236 1.6440208 16.230406 6.61021 0.31442243 16.62363 -16.565315 0.007609656 12.69722 

=============== PARALLEL ===============
Number of elements in matrix: 100
Rounded number of elements per thread: 3
Modulo (remained elements): 4
Number of threads: 32
Thread number: 0. Amount of data: 4
Thread number: 1. Amount of data: 4
Thread number: 2. Amount of data: 4
Thread number: 3. Amount of data: 4
Thread number: 4. Amount of data: 3
Thread number: 5. Amount of data: 3
Thread number: 6. Amount of data: 3
Thread number: 7. Amount of data: 3
Thread number: 8. Amount of data: 3
Thread number: 9. Amount of data: 3
Thread number: 10. Amount of data: 3
Thread number: 11. Amount of data: 3
Thread number: 12. Amount of data: 3
Thread number: 13. Amount of data: 3
Thread number: 14. Amount of data: 3
Thread number: 15. Amount of data: 3
Thread number: 16. Amount of data: 3
Thread number: 17. Amount of data: 3
Thread number: 18. Amount of data: 3
Thread number: 19. Amount of data: 3
Thread number: 20. Amount of data: 3
Thread number: 21. Amount of data: 3
Thread number: 22. Amount of data: 3
Thread number: 23. Amount of data: 3
Thread number: 24. Amount of data: 3
Thread number: 25. Amount of data: 3
Thread number: 26. Amount of data: 3
Thread number: 27. Amount of data: 3
Thread number: 28. Amount of data: 3
Thread number: 29. Amount of data: 3
Thread number: 30. Amount of data: 3
Thread number: 31. Amount of data: 3
Elapsed time: 221
-0.02392153 -5.1493354 -2.231697 -0.12423872 3.023628 -2.8698692 7.43869 -0.31607452 -3.5562246 0.1804934 
9.867719 3.0779166 2.783601 -0.67295676 -13.463247 -2.5590456 -8.375841 -3.9973133 -16.497564 1.219565 
-1.1739657 5.0819592 -0.10977461 -14.584273 -6.3345504 -5.233297 -0.89376426 10.323319 0.01954595 -3.6447766 
3.0415924 11.19407 0.5975181 6.9813094 -9.823433 2.493351 -0.19522975 -1.195985 2.0272686 9.919566 
2.0470016 15.75641 -10.838403 -10.264772 -0.44366685 22.701328 -3.1026165 -21.609463 6.1408825 -0.8663403 
12.137951 8.771504 2.9657562 3.6288729 -17.152672 -3.7490628 0.7572538 0.4035772 -1.8402779 -0.59731686 
3.3753912 3.0683548 11.4251995 11.0026865 10.06814 0.13297147 4.0860186 6.238372 5.47059 -8.900159 
-7.5285835 -11.207102 -0.9341801 -14.683221 -2.412888 0.7952939 -4.855153 21.627426 -12.567672 0.42338014 
2.7147686 2.3204978 -9.858372 4.984931 9.266342 0.6505531 6.9775662 1.8861654 1.2122284 12.729343 
11.369124 -2.1703236 1.6440208 16.230406 6.61021 0.31442243 16.62363 -16.565315 0.007609656 12.69722 

