Generated matrix: 
Col count: 10
Row count: 10
4.83883 -3.2717419 2.9310074 0.3507967 3.9202185 3.9923496 0.07835674 2.4594297 4.573 -2.4042706 
4.6232014 1.4300704 -1.6515775 -2.6296651 1.8514357 0.9025221 -0.32267475 -1.4887822 -4.7680945 -3.9605415 
-3.1317687 4.387621 0.4459362 4.2654676 3.5361147 2.0100284 -1.8848343 -3.670168 -0.5928731 -0.042381763 
-0.60984516 1.5562191 -1.425767 -0.92354345 -0.84896994 -0.72202253 2.223446 -2.4559808 -0.6957483 3.7448444 
0.99493694 1.8998151 -0.06292248 0.867949 -3.4713178 -3.1643982 3.2199144 -3.5309653 -0.43214273 -1.5760498 
4.6394777 -0.07817745 3.1083364 -2.9260855 -1.9783628 -2.2952878 -1.5008271 -1.0982728 -4.112602 -4.8077908 
2.7829275 2.9885159 -0.08970785 4.546341 -0.26170826 -0.207057 -1.0535522 2.658988 0.52928925 4.95261 
4.533849 -2.6471448 3.210104 -2.966463 -2.4447203 -2.6347375 1.8732958 -3.8073606 0.48670292 2.6889477 
4.4091597 -1.0440326 -0.7277012 -4.417344 3.76869 -2.3314042 -1.7517548 -1.2721884 -2.4481404 -1.0449653 
2.9548879 -1.3863862 -1.4073265 -4.4124885 -4.6870847 -1.9197822 -0.94494724 -0.62958527 -3.9186072 -0.881526 

Generated matrix: 
Col count: 10
Row count: 10
-0.8825393 -2.5792003 2.2581549 3.3761816 0.49415588 0.99660873 -4.973465 4.4976397 4.3580055 -0.2331953 
3.8032818 0.34927082 2.3912148 -2.867043 -2.886206 -0.4357376 1.0496135 -4.5668483 3.5314846 1.6599388 
0.1930666 -2.8491573 -0.7062955 2.510436 3.1751919 -2.290846 0.87873983 2.2431111 1.6220403 2.1821399 
4.634883 3.999957 2.440384 -3.0432324 4.237631 3.5765638 0.21639252 4.722431 4.465021 -0.88668776 
-4.1141486 -1.6307282 4.580653 -0.059532166 3.3249493 4.694458 0.96194315 -4.1743937 2.92951 0.030064583 
-0.12323475 4.474805 4.080181 -3.1682606 2.270227 1.7157431 3.0474987 -2.750349 1.7565517 -3.3598213 
-4.0537972 -1.8807769 -0.19320583 2.6852322 -2.9687905 2.567131 2.375543 -4.4511175 -4.677026 -0.5326886 
-4.68077 3.6075897 -0.7012863 0.7731681 1.231832 -4.443085 2.3852139 2.7975373 3.473524 1.0343657 
-3.9075756 4.8446474 -1.1866868 1.4939446 2.8443317 3.2826366 4.273287 2.3514085 4.5608606 1.7769103 
-3.6185174 0.95707846 3.6439285 -3.3893108 -1.5496123 4.1090765 0.7009001 -3.0423121 -1.057123 0.20559597 

=================START======================
=============== SECVENTIAL ===============
