Data rulare: Sat Oct 06 23:32:46 EEST 2018
Matrice generata: 
Numar de coloane: 10
Numar de randuri: 10
42 36 57 82 74 50 79 28 93 75 
76 80 57 79 37 83 9 65 95 81 
98 36 88 84 81 0 95 58 92 16 
4 7 16 97 17 56 45 33 73 95 
41 63 78 59 23 4 24 55 35 8 
94 35 8 90 49 18 50 12 97 24 
38 3 22 45 48 19 60 55 79 95 
94 57 21 65 97 92 89 6 75 63 
78 13 39 99 14 57 65 42 53 28 
81 46 5 71 32 68 46 49 63 66 

Matrice generata: 
Numar de coloane: 10
Numar de randuri: 10
11 89 20 55 47 36 85 75 15 7 
28 96 77 61 69 15 6 49 30 87 
61 52 20 7 82 30 56 59 91 28 
65 19 86 53 62 24 5 25 45 20 
28 96 89 92 40 44 1 93 74 15 
89 73 94 31 62 32 73 99 84 59 
30 83 39 20 36 21 4 24 30 64 
93 43 70 70 96 70 0 61 90 7 
79 58 87 69 96 2 62 9 70 70 
6 46 75 63 29 59 53 4 26 36 

=============== SECVENTIAL ===============
Elapsed time: 0
53 125 77 137 121 86 164 103 108 82 
104 176 134 140 106 98 15 114 125 168 
159 88 108 91 163 30 151 117 183 44 
69 26 102 150 79 80 50 58 118 115 
69 159 167 151 63 48 25 148 109 23 
183 108 102 121 111 50 123 111 181 83 
68 86 61 65 84 40 64 79 109 159 
187 100 91 135 193 162 89 67 165 70 
157 71 126 168 110 59 127 51 123 98 
87 92 80 134 61 127 99 53 89 102 

