Data rulare: Sat Oct 06 23:19:02 EEST 2018
Matrice generata: 
Numar de coloane: 10
Numar de randuri: 10
37 62 8 32 88 60 30 78 46 75 
11 50 27 38 98 43 81 19 95 0 
74 11 46 76 33 43 3 5 18 20 
25 27 85 54 4 32 11 85 6 14 
24 68 69 85 0 16 9 26 8 30 
64 37 42 81 4 13 58 75 87 93 
13 46 42 39 52 18 91 92 73 30 
13 61 80 72 55 35 29 79 21 51 
52 24 39 89 79 33 71 79 8 7 
1 5 13 86 59 1 17 19 63 89 

Matrice generata: 
Numar de coloane: 10
Numar de randuri: 10
13 57 57 28 97 41 93 62 2 61 
95 59 83 9 39 96 20 93 92 99 
39 94 5 93 67 72 86 57 0 36 
77 11 89 4 25 54 96 96 85 63 
83 24 9 92 27 4 5 18 42 31 
7 44 64 41 88 13 4 36 48 63 
74 94 32 42 43 98 4 31 67 40 
80 39 55 39 16 25 71 82 33 79 
77 62 0 14 98 8 30 92 13 58 
58 37 37 25 33 21 0 99 48 4 

