Data rulare: Sat Oct 06 23:45:02 EEST 2018
Matrice generata: 
Numar de coloane: 32
Numar de randuri: 231
91 44 58 5 38 18 66 7 15 55 3 52 33 90 13 81 30 29 8 96 81 19 30 78 15 20 45 2 90 89 3 44 
95 92 34 12 86 77 41 59 4 49 20 63 37 44 92 80 84 42 4 16 68 51 39 60 93 31 0 82 87 20 11 86 
87 11 35 25 53 47 5 68 22 22 63 49 48 90 11 78 71 84 50 35 43 83 49 47 76 87 31 70 30 22 41 41 
3 57 55 99 10 0 57 80 21 27 62 26 67 92 28 43 24 62 37 86 42 81 15 18 71 85 0 36 25 54 44 97 
50 93 3 91 80 16 22 3 32 87 42 77 40 55 6 4 55 41 23 4 34 12 13 8 56 85 60 38 66 72 40 91 
33 75 3 25 5 55 62 91 40 99 32 7 49 81 26 4 43 8 83 19 42 56 68 76 56 42 83 61 76 27 22 74 
68 1 39 53 85 81 44 54 49 34 2 60 85 15 62 67 93 48 60 9 5 29 31 39 66 1 33 85 83 21 54 58 
10 28 91 35 46 22 21 79 22 49 93 36 92 18 50 81 28 29 91 71 65 7 98 67 11 5 14 54 83 93 34 20 
32 66 27 34 30 82 72 7 28 48 97 83 98 16 21 39 78 86 73 57 89 66 46 59 31 23 38 79 92 39 60 90 
9 23 75 8 39 5 46 57 51 62 93 20 15 14 19 76 1 55 96 59 30 30 90 19 34 14 85 61 2 35 0 2 
66 78 2 99 75 59 34 53 18 27 71 88 72 69 13 84 17 33 77 76 18 15 63 60 83 78 51 16 2 45 53 32 
71 28 34 19 33 0 24 71 74 16 74 95 71 39 94 31 15 12 8 73 31 93 72 1 42 13 39 88 67 5 87 78 
84 76 9 10 25 8 49 11 86 93 29 20 26 14 79 78 19 95 1 26 15 64 70 22 17 65 83 69 60 15 15 6 
24 27 0 14 63 27 64 2 48 9 34 77 20 32 83 76 33 2 7 7 16 29 16 40 54 58 9 90 0 59 76 28 
32 8 12 28 88 89 10 27 50 52 47 32 61 43 10 5 44 38 24 95 61 70 86 74 22 93 94 96 96 69 31 18 
35 88 19 44 87 10 58 43 56 83 65 26 26 42 57 26 5 55 23 52 70 56 25 76 4 69 58 3 45 25 95 10 
26 51 78 94 59 51 61 60 63 42 76 7 85 32 39 6 19 36 71 96 48 27 60 78 97 67 82 22 44 95 92 47 
53 36 45 82 46 42 49 68 83 20 40 18 0 63 76 81 63 70 90 52 13 67 3 85 93 47 92 63 15 15 7 21 
88 47 20 39 63 52 61 67 32 22 29 41 45 46 5 99 9 84 22 15 67 9 99 15 67 47 4 24 60 66 27 25 
38 41 22 10 91 94 14 3 45 87 75 46 74 92 38 9 81 91 56 15 21 67 76 83 76 10 80 54 98 66 73 74 
32 2 53 55 44 34 94 10 23 40 54 98 82 91 22 62 14 26 72 54 47 15 41 6 32 94 99 25 13 36 40 64 
81 77 24 77 55 41 61 51 41 64 42 16 81 94 25 75 96 94 70 1 29 79 30 26 2 36 93 72 21 24 76 83 
34 86 54 82 41 96 98 11 52 0 42 6 76 97 19 58 65 82 78 52 63 84 95 54 87 19 93 65 87 91 2 60 
99 34 41 12 61 13 89 48 72 64 52 66 37 83 69 37 83 15 52 54 90 15 1 10 10 67 93 30 34 15 89 70 
55 13 95 96 55 2 99 44 68 47 90 89 34 50 83 55 31 13 48 37 56 74 60 55 9 42 27 64 37 62 30 33 
39 42 1 37 71 85 59 62 10 77 5 39 6 65 88 65 8 66 21 63 11 59 10 20 54 89 48 94 58 58 32 14 
71 66 91 69 2 36 21 55 23 67 22 47 61 88 20 89 11 13 41 89 50 41 22 9 53 27 48 74 24 48 99 60 
46 16 93 82 58 53 22 22 30 28 87 23 3 39 71 97 80 4 30 78 65 55 5 14 67 53 3 82 39 45 24 95 
73 1 47 89 97 74 97 35 25 1 29 53 20 66 27 32 58 52 2 8 60 95 57 4 60 10 69 15 44 63 86 3 
36 56 41 2 89 6 23 46 73 86 92 14 81 69 85 95 74 4 67 89 19 71 26 62 16 71 10 65 13 96 2 17 
83 54 23 45 84 68 47 16 77 10 64 5 28 28 31 49 36 0 82 54 39 65 55 8 82 11 22 48 84 31 23 48 
97 58 68 77 78 70 2 36 94 50 4 68 71 63 88 74 59 57 23 63 15 60 32 31 43 28 81 31 92 7 53 16 
62 57 26 15 9 95 63 14 72 61 66 17 89 39 81 86 84 83 42 99 94 12 85 78 6 34 46 39 29 2 53 70 
35 3 43 55 30 11 22 42 42 36 40 89 34 62 13 18 47 25 15 8 74 96 83 13 85 50 43 24 7 75 10 68 
68 31 89 85 50 10 72 1 89 82 72 32 26 41 12 49 39 92 54 24 23 34 14 12 65 60 26 58 46 29 9 44 
49 81 66 21 28 99 48 30 1 32 8 62 26 44 51 7 1 59 27 32 51 17 93 36 53 83 9 36 67 34 57 74 
33 66 31 58 75 28 39 29 73 65 62 74 76 59 17 73 29 7 25 60 47 1 32 4 83 11 42 16 13 9 7 36 
49 10 44 65 97 84 92 7 34 66 68 9 26 3 15 94 50 79 58 23 68 34 40 8 68 41 66 56 19 42 50 84 
85 52 25 38 18 3 99 19 12 42 51 19 47 78 28 18 69 84 28 2 81 76 44 64 55 81 33 88 71 80 90 90 
56 85 46 85 72 97 73 81 94 34 75 56 83 5 49 61 25 18 93 97 86 43 36 13 17 14 71 98 44 45 48 8 
63 32 27 33 33 22 49 14 21 21 16 51 46 73 69 72 28 59 51 80 27 87 33 90 74 73 36 84 95 92 43 80 
58 17 60 71 87 38 40 60 56 40 14 58 60 12 56 18 51 22 71 43 20 60 74 72 70 81 8 76 86 49 55 77 
16 90 12 55 0 69 1 93 13 31 52 3 62 64 63 67 53 1 97 57 34 62 24 21 40 91 14 84 55 72 17 95 
18 68 69 37 51 55 4 77 46 53 56 39 7 55 45 87 60 80 29 99 39 17 66 15 96 98 8 48 16 97 32 63 
31 54 89 89 24 96 86 98 3 30 24 5 62 71 54 55 13 92 59 49 61 37 57 78 0 67 16 34 15 28 77 60 
56 57 85 30 87 60 82 70 93 67 34 47 33 74 83 78 52 41 55 27 91 66 60 76 22 45 92 20 7 17 67 74 
13 48 62 85 41 60 45 24 52 88 64 91 99 42 96 56 40 14 56 21 5 61 43 51 35 73 90 71 84 88 35 26 
50 17 98 78 73 38 58 29 44 92 15 70 5 37 7 90 34 16 92 50 95 48 63 82 18 74 3 23 51 33 96 2 
94 12 10 89 6 7 13 71 48 8 28 20 41 41 95 3 49 46 22 23 5 72 59 57 88 29 11 88 18 72 30 88 
74 82 34 41 98 75 3 52 85 83 1 60 97 37 57 71 62 81 77 68 32 73 27 69 21 38 34 33 63 78 10 36 
77 42 78 63 28 55 67 59 70 86 71 8 95 40 19 62 65 76 66 16 26 92 68 57 12 24 72 71 53 65 43 96 
80 17 85 75 89 45 58 73 24 0 77 74 1 40 69 37 1 44 25 65 13 19 2 1 10 63 33 22 88 86 58 82 
79 31 33 49 67 38 47 53 51 66 93 31 14 32 33 11 60 76 95 29 4 16 8 85 23 60 89 50 96 5 94 89 
17 35 37 53 83 31 78 39 7 23 42 30 67 12 70 13 43 77 78 89 47 29 42 18 98 55 43 59 61 79 59 10 
92 82 84 2 6 18 32 3 15 8 31 29 98 7 13 29 1 90 87 57 47 79 20 91 80 59 13 16 12 42 78 91 
29 43 75 57 39 9 49 6 8 84 74 22 33 87 52 25 36 56 17 52 34 39 31 24 37 96 57 34 55 31 98 50 
7 70 55 82 74 58 75 99 61 36 73 78 22 39 63 4 69 82 2 0 54 87 63 98 64 12 57 37 56 91 96 19 
52 85 38 85 27 15 48 46 15 4 90 41 83 75 4 59 83 21 1 27 53 53 71 48 22 24 63 33 6 84 7 4 
0 37 81 22 83 50 64 32 78 71 35 26 75 27 58 44 79 49 25 30 41 96 83 66 74 63 44 53 29 68 71 39 
85 24 48 52 64 97 82 27 21 45 89 27 62 99 42 41 1 45 40 60 85 95 27 76 82 98 24 83 81 33 29 75 
33 82 15 84 84 71 22 70 57 99 44 86 92 15 34 9 76 89 96 11 46 64 36 75 39 48 51 73 31 21 32 21 
73 99 38 78 41 51 33 82 14 89 28 60 58 75 22 65 33 50 54 69 82 1 50 82 12 66 61 59 93 22 37 47 
52 73 89 1 77 83 6 5 27 98 45 48 31 59 9 0 28 96 83 87 14 68 88 17 83 43 30 31 97 90 27 11 
43 31 11 23 16 10 69 17 94 2 2 32 34 87 51 38 40 78 89 61 47 56 34 77 77 5 53 59 38 3 15 97 
26 11 98 22 48 15 75 93 92 11 5 54 29 19 89 63 94 57 89 75 88 77 12 1 66 80 84 73 76 15 23 99 
8 13 40 83 78 44 60 14 48 82 85 75 91 79 70 48 38 64 43 52 93 6 16 73 33 41 38 18 79 49 50 99 
70 22 39 10 95 88 54 82 40 5 93 23 53 52 70 56 51 64 98 81 14 85 19 69 79 72 6 29 43 16 93 40 
87 42 97 62 62 87 64 0 84 16 86 50 33 60 42 31 10 80 44 82 99 21 67 50 91 92 41 21 13 98 90 54 
49 52 71 73 82 69 47 28 62 26 17 3 33 72 69 26 78 81 56 71 5 66 75 31 98 97 39 33 91 82 45 26 
34 72 93 93 33 46 73 83 84 88 24 43 83 72 8 8 21 50 69 91 31 84 12 56 76 52 9 90 83 88 69 23 
38 15 75 95 67 74 66 92 34 22 24 30 29 81 6 53 65 92 45 7 84 87 49 54 60 5 81 64 84 20 78 41 
22 29 13 26 90 56 24 99 61 70 1 96 90 21 0 77 6 54 46 12 34 23 42 40 8 55 52 18 10 21 81 85 
94 33 87 72 60 50 9 84 1 79 7 48 54 97 48 97 65 93 29 43 52 28 20 62 97 83 69 30 65 65 45 9 
14 92 92 87 7 87 17 16 90 51 98 16 78 66 73 32 14 21 83 75 27 34 15 72 38 40 6 46 94 83 79 91 
93 1 90 28 25 92 83 86 51 18 89 50 0 62 73 26 81 61 74 42 73 77 45 63 77 67 22 59 35 75 21 71 
60 29 28 79 73 91 43 10 89 97 86 35 98 27 96 27 9 61 7 26 16 77 44 70 59 35 60 49 58 25 78 51 
71 95 21 83 75 65 98 73 60 56 4 10 99 39 90 80 47 14 93 40 14 70 36 29 19 97 38 91 90 45 8 5 
37 0 22 70 59 50 44 42 23 70 90 93 83 96 4 68 46 32 18 51 65 88 12 76 6 4 26 99 31 7 31 9 
43 27 84 86 94 34 7 57 91 80 97 6 66 48 78 75 84 66 61 38 48 16 52 28 64 13 62 99 69 75 15 37 
40 21 73 76 74 1 5 10 11 1 66 18 8 29 66 2 2 45 97 28 39 40 45 64 56 95 52 80 21 62 1 51 
25 65 78 7 5 16 94 86 33 25 91 33 37 46 78 96 11 60 28 46 75 61 10 40 3 7 17 1 21 34 89 82 
38 96 47 61 70 53 92 4 58 33 5 46 22 22 66 33 69 7 40 68 90 23 56 49 93 73 69 76 55 56 17 66 
14 70 96 96 13 33 18 8 45 37 56 42 98 79 57 22 21 40 3 98 94 83 49 70 77 20 36 63 74 76 76 20 
35 54 36 5 6 93 21 75 32 84 84 18 93 32 31 45 62 8 91 43 30 99 80 59 80 40 18 51 49 86 75 23 
38 84 73 8 10 47 39 52 96 63 48 87 71 88 29 44 69 74 5 72 62 84 63 77 90 6 78 32 27 43 20 83 
46 45 14 77 91 64 60 23 20 98 26 72 48 33 58 31 42 76 97 61 2 47 50 70 14 90 86 17 65 57 50 8 
21 53 58 27 83 73 87 12 25 91 17 76 92 86 91 72 77 38 59 26 78 62 85 20 25 55 80 12 4 49 10 35 
56 71 10 27 29 16 36 40 95 81 48 22 8 99 59 93 93 41 19 55 62 87 9 11 11 6 46 3 49 8 96 27 
50 32 39 61 45 99 8 2 46 26 0 3 74 96 70 21 42 12 33 51 15 32 58 61 23 42 46 31 59 16 90 44 
4 43 91 81 67 44 10 18 25 2 94 75 92 45 97 57 70 84 8 95 32 11 59 20 30 35 26 19 18 14 70 7 
10 81 39 62 80 29 58 20 49 42 72 73 37 94 31 91 15 53 2 19 49 62 36 35 95 7 28 81 54 83 40 43 
59 37 27 14 74 20 5 17 25 78 91 22 41 39 37 89 57 50 1 95 10 75 45 23 0 71 69 75 27 37 54 92 
40 4 67 35 75 11 27 28 18 85 7 59 13 24 54 35 42 55 59 22 91 73 27 74 67 46 37 66 97 50 59 58 
5 93 23 65 25 5 58 58 0 59 20 2 31 57 83 79 32 85 14 49 40 55 34 58 64 2 32 14 29 60 68 10 
33 13 39 14 58 25 8 37 70 9 50 99 5 18 62 55 56 52 55 44 6 3 81 7 52 7 1 14 94 33 71 15 
65 71 70 88 89 1 69 7 53 91 97 52 30 23 2 94 53 75 58 75 56 24 72 95 23 54 62 40 59 96 4 41 
69 40 50 29 15 20 44 11 85 96 12 75 53 88 80 60 4 99 99 70 69 86 44 12 93 10 2 58 62 76 82 33 
28 39 9 95 98 2 33 90 73 21 65 93 37 97 58 86 8 7 18 12 71 68 84 25 53 76 80 57 83 63 17 65 
87 85 80 90 72 86 25 31 70 13 58 98 75 70 80 75 11 0 99 86 50 76 24 31 52 12 10 61 0 28 10 3 
46 10 4 64 55 6 63 14 56 41 5 69 60 32 49 7 59 77 42 92 0 45 61 48 41 13 34 45 94 62 36 51 
52 49 83 23 5 65 4 71 78 76 88 48 61 85 17 67 72 71 50 62 58 19 82 6 69 59 85 26 30 79 75 11 
74 90 70 84 25 95 47 43 13 63 96 5 36 34 53 58 76 33 85 15 69 30 88 8 16 7 87 28 91 26 28 81 
96 99 61 43 8 40 24 40 81 57 85 41 31 59 4 0 60 84 5 85 92 42 62 15 38 73 96 7 45 67 94 45 
5 49 80 28 84 32 96 57 29 87 55 12 81 1 6 21 7 7 36 50 19 91 48 38 54 96 72 95 56 74 38 65 
2 86 51 6 10 83 10 87 74 36 30 41 67 22 20 22 79 11 76 46 10 45 3 37 84 81 51 75 76 87 95 35 
86 94 73 7 63 1 23 96 96 53 26 69 79 12 78 82 33 80 82 23 33 16 75 16 94 91 93 64 97 85 78 94 
86 84 48 13 70 62 70 3 70 38 83 9 78 93 58 45 97 93 38 71 60 80 6 52 70 23 30 18 64 22 98 34 
66 9 78 36 35 82 67 40 81 42 36 66 61 78 58 43 18 90 56 56 20 61 94 8 17 4 45 49 60 29 31 64 
50 80 81 74 26 17 55 60 76 1 7 27 71 44 6 9 81 0 4 28 72 7 11 44 90 3 44 81 49 78 46 51 
45 14 95 65 87 31 53 42 1 88 14 10 28 17 65 14 33 19 30 75 72 50 40 81 82 95 9 45 39 14 78 75 
84 34 65 54 15 89 94 50 73 91 26 81 92 27 27 90 47 38 1 15 12 99 97 25 5 37 49 78 66 91 64 33 
50 17 48 5 72 13 89 64 59 61 24 26 43 29 9 54 35 37 87 66 56 4 71 66 30 72 88 8 18 42 26 71 
41 7 38 58 44 68 78 29 5 91 42 65 54 58 14 41 85 82 70 65 96 74 81 48 70 65 27 79 64 35 63 83 
46 55 0 92 10 58 86 48 88 8 5 52 31 80 75 39 68 6 92 72 13 9 16 73 57 28 72 34 54 26 49 5 
80 81 97 89 30 8 68 89 35 1 1 29 28 18 43 9 65 39 27 51 33 78 35 23 30 28 67 30 78 99 72 31 
9 78 63 43 64 84 1 33 32 9 30 65 52 23 58 77 59 45 36 13 22 71 14 97 74 49 54 99 95 34 48 19 
54 70 61 71 5 39 0 82 68 93 32 12 31 9 41 73 91 40 19 11 51 89 26 52 37 4 80 13 17 36 22 52 
86 48 50 32 75 14 25 30 86 36 74 46 73 59 75 97 49 10 76 13 64 17 86 75 18 77 25 72 37 75 78 27 
26 16 32 84 24 63 25 61 80 91 98 6 38 29 89 71 0 46 75 31 62 25 42 62 2 11 52 7 69 48 55 22 
10 59 9 41 3 20 0 30 23 89 46 86 59 7 74 89 21 98 20 49 71 63 3 69 37 63 59 71 67 4 65 19 
93 73 23 48 52 95 84 76 54 43 16 84 11 12 46 70 20 78 39 46 73 73 69 69 6 20 40 12 49 17 20 22 
36 65 44 88 31 34 23 2 62 89 82 16 82 62 10 31 97 87 76 43 66 49 71 36 66 78 28 58 97 53 57 69 
67 76 53 47 92 15 25 49 51 90 65 76 67 24 33 14 51 8 30 0 72 73 37 89 20 31 87 84 46 70 20 54 
70 13 30 67 0 0 53 23 53 74 97 54 81 38 0 85 34 62 67 41 26 83 31 1 50 60 73 75 29 58 40 20 
72 1 59 29 98 7 55 39 11 50 38 19 1 20 82 20 96 97 69 69 24 26 66 26 34 60 2 87 92 71 33 28 
37 55 8 53 77 14 84 53 73 74 60 47 44 90 63 13 63 52 65 81 55 41 30 91 36 93 90 0 17 51 40 56 
63 64 92 63 79 28 79 98 45 13 91 66 67 24 40 54 23 68 47 97 9 90 2 4 65 91 5 58 70 76 24 50 
36 51 77 2 7 12 20 85 53 79 71 44 45 42 92 94 54 56 60 49 72 92 26 34 21 27 75 64 53 24 21 22 
40 45 74 55 30 60 28 50 25 18 95 4 74 13 8 93 26 16 86 93 59 75 23 83 48 40 15 19 81 45 48 86 
77 14 2 50 74 67 87 2 83 95 9 71 54 35 35 56 71 66 41 68 14 78 44 21 77 87 27 91 10 49 16 68 
84 25 66 83 73 77 20 27 41 93 67 45 1 9 50 94 39 67 87 39 73 67 53 72 81 80 89 36 9 15 38 23 
16 74 99 26 13 62 23 99 15 85 79 69 91 71 32 87 28 22 31 26 84 57 15 31 15 14 83 25 48 55 49 91 
15 74 39 50 60 54 20 38 63 30 63 65 13 53 69 12 38 52 5 21 72 36 9 2 28 77 23 96 65 96 30 9 
18 13 7 28 53 64 16 18 3 45 44 55 74 88 66 24 50 4 84 99 87 8 36 69 40 54 94 55 31 28 35 12 
89 74 79 68 81 58 19 1 31 97 66 68 6 18 38 51 44 44 26 58 43 37 67 80 55 97 16 83 41 66 71 40 
15 97 95 14 6 67 19 86 69 24 93 28 85 40 41 49 20 64 57 0 15 51 98 8 92 17 17 19 14 70 31 30 
25 72 75 13 93 99 75 6 95 22 61 58 35 95 52 63 69 49 18 50 63 50 42 44 44 15 9 49 63 92 34 20 
43 28 70 94 27 42 68 84 25 72 42 47 96 37 46 0 12 86 29 71 40 82 79 57 62 94 88 39 29 16 69 33 
0 28 58 21 19 28 60 28 64 5 48 67 97 96 40 12 61 88 90 93 76 59 43 17 7 83 5 2 25 46 38 30 
21 25 49 62 33 10 67 6 12 42 90 86 20 98 9 39 51 11 53 62 73 9 24 82 79 97 30 70 2 18 64 80 
33 2 9 65 33 74 83 94 85 11 38 60 79 69 26 58 31 50 2 47 89 0 2 3 81 41 93 2 71 8 88 12 
73 68 0 5 39 9 83 53 98 11 34 12 45 71 94 44 84 5 37 7 2 64 80 93 90 94 44 95 58 40 37 30 
53 70 15 79 36 11 60 86 16 99 52 84 74 58 25 45 59 90 58 28 19 33 26 19 14 89 5 25 51 58 80 56 
77 30 87 47 54 92 52 74 95 46 54 74 30 12 16 54 68 58 24 12 60 24 1 45 68 17 57 4 20 66 0 96 
20 40 14 69 79 72 3 36 70 12 73 50 86 51 42 6 59 23 97 48 74 3 44 7 81 75 36 48 22 40 57 17 
11 41 25 4 82 84 56 23 22 59 53 14 92 78 24 21 3 93 63 64 91 83 96 94 73 43 78 20 86 76 84 11 
13 40 23 1 7 50 83 90 26 20 38 12 82 76 17 24 97 95 0 32 69 45 80 48 99 56 99 62 91 94 40 75 
23 82 10 44 2 83 0 34 3 6 16 17 95 27 41 93 44 30 2 95 47 55 24 76 36 10 19 44 45 67 18 4 
73 55 57 89 0 64 29 85 41 30 11 61 83 58 65 66 37 97 14 39 73 14 81 91 72 42 18 46 88 93 65 22 
66 90 11 16 95 59 63 98 16 3 78 64 6 97 68 47 28 13 80 10 67 27 2 43 90 72 83 6 96 57 33 25 
68 0 78 12 53 6 16 42 87 11 91 89 73 43 3 26 44 2 80 96 69 68 55 47 15 47 96 18 22 40 27 2 
32 68 4 82 41 75 55 11 94 54 52 38 50 70 97 25 46 14 50 83 67 75 37 55 83 56 7 39 76 44 50 64 
61 26 43 70 83 80 57 15 83 25 19 57 15 89 94 71 86 24 29 1 66 26 92 0 45 98 46 61 96 38 7 23 
53 67 89 28 27 99 33 41 64 95 26 58 11 24 43 65 43 74 99 11 33 51 11 53 34 22 23 60 57 67 21 4 
53 15 31 36 41 14 43 58 66 81 58 31 2 63 67 65 22 20 43 77 80 68 10 62 70 15 23 59 23 17 84 74 
28 73 69 21 22 75 44 85 72 95 23 74 92 90 39 97 27 35 44 27 35 71 21 23 16 10 30 60 46 54 89 97 
23 22 59 28 93 32 72 46 47 92 77 28 85 97 30 41 38 19 71 0 30 79 53 13 97 2 92 49 79 68 83 1 
98 62 77 85 49 40 61 57 43 76 56 61 50 12 76 3 82 11 29 30 49 27 50 39 44 72 29 11 64 49 59 47 
44 35 42 87 96 82 9 75 99 96 0 25 45 15 58 93 91 7 16 31 85 5 79 93 62 87 77 29 87 99 20 66 
34 8 76 48 41 20 0 43 80 40 77 91 36 78 91 98 55 85 37 83 49 0 88 4 31 36 15 85 23 36 74 26 
52 39 74 82 25 49 45 1 94 91 23 29 66 21 44 86 28 78 76 16 40 95 6 55 7 50 97 41 40 95 14 84 
97 72 31 78 50 88 32 41 52 62 57 5 43 16 20 98 54 64 21 60 40 44 72 22 93 70 46 86 66 99 64 22 
82 60 20 60 58 43 86 68 15 40 81 64 7 44 3 65 14 95 4 0 41 26 94 29 74 84 61 51 21 98 66 54 
98 83 62 63 55 73 30 5 75 86 45 5 27 47 14 83 48 94 88 64 45 85 77 61 89 19 51 42 78 11 98 16 
71 56 27 61 75 90 73 24 71 19 94 66 65 50 53 37 20 10 27 96 77 5 16 57 72 47 8 49 51 98 52 47 
35 39 0 28 57 34 46 54 4 4 40 13 35 53 26 46 41 51 8 64 50 66 84 49 8 1 77 61 54 26 63 30 
58 25 77 64 86 5 5 66 74 0 64 91 24 17 35 10 16 59 30 15 39 32 8 38 40 53 40 14 22 25 59 32 
26 82 18 23 72 67 39 36 12 80 75 75 44 4 32 25 53 65 66 70 64 23 4 14 66 6 26 48 83 86 85 18 
20 29 78 24 88 92 87 41 43 84 32 87 27 19 32 48 95 7 49 81 85 23 61 23 87 89 78 86 74 81 64 46 
71 67 55 82 35 40 30 75 47 87 50 53 65 3 11 74 67 45 53 59 54 68 63 57 22 73 26 37 85 98 80 31 
45 27 8 26 72 3 71 8 47 93 61 82 19 74 58 35 44 4 35 70 19 10 8 46 36 91 29 57 62 93 50 13 
63 50 36 76 75 21 46 52 32 63 45 98 11 86 40 83 32 88 91 76 57 29 46 8 61 70 86 90 27 54 10 93 
93 15 5 11 64 14 28 73 82 41 69 25 87 61 94 59 32 76 61 2 35 69 89 95 80 83 11 67 2 73 46 22 
74 99 1 97 47 98 12 77 56 34 38 22 70 1 87 6 39 56 44 68 61 6 24 81 34 89 98 42 30 42 97 40 
87 93 49 56 45 1 79 67 47 42 29 94 20 32 19 48 11 37 70 17 19 4 47 4 11 21 89 69 63 9 80 68 
83 2 13 45 76 28 8 44 42 30 88 93 2 72 35 70 97 79 30 26 33 44 59 15 54 98 70 77 14 94 13 20 
59 37 89 23 74 1 19 58 42 10 80 27 38 12 6 75 36 65 11 72 71 8 91 14 96 21 98 97 33 29 43 62 
51 51 61 32 14 81 93 31 63 45 25 32 38 51 64 23 82 0 95 44 26 9 52 82 65 70 41 59 34 54 71 6 
71 72 25 62 28 1 89 59 69 96 7 47 12 83 82 71 80 91 48 5 84 56 53 38 24 20 79 13 48 34 56 58 
66 71 37 34 16 15 88 32 43 70 58 89 98 75 84 65 37 51 99 25 31 87 90 14 22 7 8 68 35 75 31 20 
12 76 25 76 59 28 29 8 2 56 22 6 31 59 5 7 31 39 32 62 34 3 24 38 23 72 31 0 19 30 71 23 
35 32 72 83 71 45 69 78 89 77 91 54 72 22 93 77 7 28 27 22 57 33 6 91 74 91 94 20 76 95 68 72 
17 91 32 17 50 76 50 54 65 18 68 8 43 98 44 93 88 53 80 69 32 55 48 24 72 95 87 78 47 83 59 81 
27 12 35 0 39 91 27 41 70 34 59 17 53 2 91 73 3 39 95 69 68 99 55 41 25 81 16 20 58 60 7 60 
36 88 50 69 98 4 93 70 35 18 30 69 39 42 78 12 80 6 76 52 52 79 79 3 36 40 83 75 23 36 85 33 
65 22 38 84 71 77 42 37 78 58 14 52 48 46 16 7 62 57 30 47 75 9 51 93 46 45 78 50 25 37 68 34 
14 51 37 12 50 44 62 51 32 1 63 98 32 22 5 4 38 48 75 74 99 51 35 99 71 59 95 63 60 76 24 61 
58 98 68 98 76 47 64 54 72 11 46 50 39 54 73 93 96 32 5 41 3 3 59 61 98 35 47 16 4 50 66 69 
98 80 3 42 8 72 96 1 4 77 21 9 57 58 69 34 83 41 22 71 11 56 0 36 20 52 6 66 29 37 54 71 
18 52 66 76 1 1 3 77 77 23 81 27 67 74 49 1 8 38 48 22 64 97 22 75 28 83 44 45 48 75 94 9 
41 43 84 96 37 49 0 24 94 52 65 12 31 90 92 88 79 47 36 88 56 44 52 26 96 59 56 65 12 39 56 25 
8 36 27 73 79 67 0 84 44 13 75 35 63 22 22 86 39 93 46 46 89 0 14 82 69 57 28 65 93 44 36 59 
31 44 13 5 0 61 26 72 39 97 26 50 70 58 16 79 45 20 58 75 10 60 65 26 6 32 31 70 55 8 77 13 
93 22 16 14 34 78 90 17 74 36 61 51 16 30 45 12 45 39 28 92 35 90 48 54 57 81 68 72 70 74 31 53 
15 71 74 48 43 30 33 57 30 64 70 18 30 10 73 56 86 19 4 42 68 37 91 54 7 52 49 67 58 53 3 10 
61 43 32 49 9 69 82 35 59 42 43 45 22 47 85 75 21 39 54 51 85 21 59 63 55 72 8 86 0 87 64 28 
62 29 95 79 46 38 1 35 68 33 45 26 49 55 4 34 70 88 89 95 63 30 35 24 55 25 62 10 2 55 50 12 
95 89 1 95 89 59 67 58 74 27 73 59 80 7 71 76 56 73 11 84 84 64 24 25 96 21 51 0 26 17 46 65 
12 97 71 41 39 11 0 43 61 44 29 46 14 35 89 41 44 87 54 56 94 95 37 87 37 29 23 37 99 12 71 83 
72 30 21 61 54 54 10 10 52 25 82 3 63 64 75 77 74 70 88 28 64 35 34 37 36 19 58 48 25 14 90 35 
0 10 42 86 79 12 92 95 4 25 40 32 71 68 0 17 85 93 23 24 14 4 44 79 42 79 16 87 64 66 2 3 
63 37 72 5 83 33 91 31 92 97 18 91 43 73 24 12 78 20 36 95 48 74 27 45 18 64 53 92 25 64 56 14 
99 90 90 10 37 57 73 53 38 93 10 69 73 93 60 30 32 60 91 79 47 41 17 96 21 47 93 1 82 68 3 53 
1 22 43 1 81 72 18 89 60 84 59 30 35 6 51 55 4 88 72 90 65 41 92 15 95 91 55 6 41 70 63 5 
12 84 33 38 3 31 44 56 22 62 28 54 16 30 13 56 78 2 19 57 40 90 64 26 35 13 77 9 45 74 41 23 
62 49 18 4 3 28 34 21 73 68 27 76 47 63 95 56 98 3 76 88 15 16 84 25 30 80 1 44 58 48 52 39 
80 80 51 0 50 24 33 52 61 74 82 57 7 7 13 67 59 17 43 34 10 59 84 85 32 1 28 96 8 88 40 31 
49 86 68 54 2 15 79 29 86 63 18 37 5 56 77 86 34 36 95 29 61 76 33 9 40 96 94 97 3 90 70 1 
63 27 13 26 5 33 88 5 99 68 79 56 82 88 70 92 82 43 86 27 65 1 70 25 80 3 80 31 0 42 98 16 
55 46 66 63 94 19 51 79 37 44 53 22 59 45 9 5 24 19 86 69 28 19 0 66 69 73 24 29 50 29 18 72 
68 15 15 55 97 63 32 59 27 47 12 2 39 34 4 70 40 23 56 50 84 98 30 51 10 0 62 0 44 53 53 54 
28 59 64 40 22 10 96 86 54 11 28 57 6 2 55 25 18 8 93 4 60 15 60 92 53 88 20 20 8 19 48 81 
96 78 45 6 54 5 22 15 94 22 9 31 40 51 32 96 5 69 23 93 8 16 63 54 30 2 69 5 58 27 29 53 
95 99 21 59 87 74 2 34 99 44 79 56 13 16 22 99 26 63 55 86 44 55 22 55 74 58 53 27 68 42 48 54 
14 94 86 57 15 19 77 15 52 94 65 11 65 25 86 96 80 61 45 55 96 66 10 1 45 99 19 77 83 6 43 37 
61 24 6 50 53 42 6 79 78 99 25 81 57 34 34 17 96 92 12 83 56 23 6 60 7 50 73 36 56 0 9 65 
63 69 6 96 65 28 22 5 28 36 77 26 39 47 22 89 10 39 66 39 97 28 46 38 39 70 85 4 22 29 51 2 
1 20 11 3 91 58 20 57 15 80 46 66 29 47 56 69 65 3 90 16 46 79 19 41 78 40 20 17 41 3 23 93 
55 2 51 17 63 83 37 91 7 40 45 1 18 20 75 51 62 64 79 67 19 38 60 64 20 19 78 14 93 12 37 45 
97 34 63 84 18 34 7 0 95 8 8 10 6 45 36 65 9 33 39 83 56 3 10 0 56 60 95 44 94 34 0 54 
14 97 87 53 7 29 69 19 20 31 80 46 78 18 85 47 57 94 36 3 29 44 32 55 83 50 59 76 80 87 96 80 
46 78 30 48 61 82 84 77 6 77 61 81 20 39 14 67 23 65 24 46 94 47 34 87 80 82 46 71 0 9 25 80 
83 18 30 5 34 95 67 64 5 88 91 27 78 4 78 15 27 27 41 81 60 59 73 60 77 27 52 8 28 50 89 53 
63 92 50 95 65 59 27 82 56 41 37 83 6 38 29 42 44 22 4 60 70 56 72 4 20 30 13 33 42 76 45 31 
14 53 21 75 11 86 14 78 19 70 1 27 86 27 15 72 27 86 33 14 23 93 80 5 93 91 68 63 61 33 47 27 
82 29 97 57 98 59 39 97 96 55 37 77 97 32 54 66 48 90 96 29 89 48 72 2 37 44 91 90 49 40 10 51 
33 59 20 97 60 96 35 14 25 35 71 33 16 9 7 39 6 47 57 99 40 88 60 8 60 68 96 58 95 24 59 65 
27 31 63 74 19 92 93 9 2 67 81 73 53 66 88 51 58 12 75 85 26 69 41 77 14 21 93 63 93 43 41 93 
49 46 3 34 21 27 6 94 37 26 45 87 62 12 76 3 56 50 24 42 32 71 2 67 98 28 64 68 93 4 96 10 
35 96 34 59 65 1 17 50 36 53 89 41 77 93 56 30 67 36 62 56 79 26 64 90 41 0 46 90 18 11 81 7 
65 48 89 18 16 26 34 3 7 63 86 84 72 58 3 24 52 43 3 41 34 10 78 44 98 25 43 1 48 56 80 75 

Matrice generata: 
Numar de coloane: 32
Numar de randuri: 231
50 78 40 42 92 58 58 84 47 33 0 67 10 4 26 49 14 98 53 6 77 31 21 63 78 24 27 52 15 58 43 47 
43 84 62 57 14 81 52 42 76 63 47 9 59 25 67 78 23 30 53 31 96 97 39 74 49 61 34 65 11 75 24 49 
80 35 21 73 87 19 53 71 2 12 79 85 40 26 89 82 37 87 32 52 11 64 83 61 58 15 84 94 68 66 51 24 
48 45 20 71 86 28 60 86 72 0 47 8 47 80 57 29 24 36 96 8 34 76 46 81 86 15 4 56 3 43 79 24 
4 46 90 83 87 88 9 39 67 92 57 66 6 77 54 99 69 49 66 16 10 77 51 97 21 92 40 27 15 58 36 90 
91 94 73 32 46 31 97 19 27 8 7 87 4 51 49 53 76 67 25 36 2 7 35 13 54 79 38 10 16 75 11 21 
18 79 87 12 63 37 7 61 63 87 63 22 41 76 92 58 69 34 59 16 50 94 24 18 55 79 96 75 58 46 19 17 
41 68 61 81 67 2 68 17 64 5 95 76 65 46 78 34 71 21 91 43 14 14 69 30 69 5 12 60 49 59 53 83 
60 99 51 92 64 63 51 7 25 43 48 17 96 79 12 94 47 77 65 3 2 88 19 19 91 57 19 49 1 90 40 9 
50 4 41 85 64 14 36 4 84 85 43 53 99 93 5 13 24 61 52 14 94 18 45 5 11 30 61 16 31 84 16 81 
76 96 59 11 74 76 92 47 22 90 34 55 12 71 34 35 63 6 5 13 75 1 64 42 81 28 98 32 41 23 94 3 
81 70 69 83 74 49 14 68 26 99 74 61 37 32 62 9 12 99 73 55 75 25 7 4 19 88 22 52 45 52 77 93 
74 79 27 9 40 74 67 24 6 91 14 5 69 66 81 17 31 13 70 38 80 99 86 54 15 10 25 13 30 19 98 5 
67 67 61 21 17 77 42 81 35 87 80 28 84 36 28 37 59 3 53 16 29 69 22 5 93 9 95 51 60 81 96 22 
20 77 58 71 91 68 84 93 96 58 23 69 26 30 38 81 88 86 10 2 98 69 38 80 63 69 67 97 32 60 3 69 
8 25 52 66 52 33 55 48 38 29 86 54 11 72 64 67 76 49 53 20 19 37 87 47 75 63 47 72 40 45 84 0 
63 97 37 3 51 21 42 57 53 84 71 89 56 57 9 53 85 45 62 9 25 43 56 6 29 83 77 77 70 25 34 53 
7 90 38 66 12 73 30 99 97 2 48 3 92 43 17 62 44 5 97 71 82 29 21 26 74 80 99 73 96 50 14 40 
2 58 87 47 31 3 94 77 49 79 83 24 50 65 53 75 20 50 61 40 12 33 59 41 70 11 91 59 56 17 23 83 
49 93 13 1 32 73 83 12 2 56 90 72 80 91 20 46 22 8 20 57 42 57 41 26 25 15 58 46 73 99 37 56 
95 86 58 26 60 10 83 2 51 32 10 46 38 97 75 57 54 78 36 69 32 11 92 86 14 21 4 61 60 2 29 70 
97 58 15 4 18 13 33 82 49 92 31 39 58 55 73 44 47 24 99 78 10 89 35 43 26 48 33 69 79 36 30 98 
91 4 87 88 65 32 42 40 76 20 97 35 57 85 23 77 22 39 67 6 5 33 86 24 61 89 9 14 67 43 97 58 
8 53 56 93 91 2 37 73 15 23 40 30 48 35 67 58 83 95 77 26 43 70 10 21 34 27 36 19 37 49 41 88 
69 53 73 33 11 58 95 12 99 42 3 51 2 89 64 66 77 27 89 18 22 44 42 67 26 3 37 30 68 17 94 20 
2 63 89 66 30 26 67 1 56 68 52 87 79 95 99 29 77 36 63 93 5 30 47 68 80 41 66 97 0 82 53 88 
46 71 22 73 74 17 29 9 81 58 62 14 27 86 54 80 23 29 23 1 64 66 0 70 9 40 66 93 49 82 53 18 
94 74 66 10 5 11 26 70 11 91 84 48 26 0 61 54 46 39 89 20 99 43 21 69 81 80 4 57 76 64 15 13 
94 31 70 88 41 47 37 58 6 40 27 81 52 66 87 63 83 81 17 87 42 93 7 4 76 82 1 87 95 7 82 85 
53 23 74 20 72 95 2 81 65 68 32 96 62 76 80 60 6 64 30 25 54 8 21 11 33 86 5 17 64 97 23 55 
60 46 79 7 13 30 2 9 73 96 45 66 11 63 93 36 10 15 90 32 37 40 16 38 41 31 49 12 69 25 29 10 
50 51 19 78 57 8 1 32 90 55 11 75 2 41 45 47 80 7 35 42 45 25 59 85 43 53 31 68 4 3 20 46 
25 79 74 92 86 73 10 85 19 94 82 39 18 75 52 41 71 35 59 44 77 67 63 97 24 97 20 53 84 31 65 84 
90 25 90 7 9 73 37 17 25 28 74 46 96 86 55 95 9 60 24 14 45 14 58 85 60 35 7 94 46 45 71 46 
40 70 66 97 15 16 74 31 32 2 23 71 37 60 34 8 99 38 99 4 37 62 59 62 62 86 34 4 48 12 82 19 
93 73 66 20 55 66 26 91 99 80 36 87 42 22 79 72 24 24 44 57 10 51 83 30 19 23 28 63 12 2 23 76 
2 35 9 25 37 47 13 37 51 97 19 54 49 93 28 19 90 66 99 70 6 81 77 3 95 13 0 19 28 70 98 23 
43 83 8 39 97 31 66 93 79 21 63 27 0 3 29 18 46 73 40 79 75 72 18 84 10 37 8 76 46 4 53 86 
83 10 52 7 95 79 1 80 1 77 71 72 70 74 5 96 32 57 95 8 4 56 80 62 47 62 38 13 9 80 74 84 
43 3 87 38 28 73 94 93 70 17 64 71 43 29 48 41 23 57 43 73 5 89 2 16 30 25 92 75 14 91 65 14 
70 15 78 41 50 46 22 13 69 44 47 57 47 19 75 54 76 61 2 45 18 63 81 2 29 86 36 30 83 35 49 74 
53 73 49 75 3 50 49 39 44 67 62 98 83 46 53 10 2 83 2 53 12 51 44 88 86 76 83 29 53 69 6 83 
68 38 68 39 18 46 46 67 68 37 26 21 65 44 27 45 94 76 29 9 5 59 36 67 13 23 5 26 37 73 33 57 
7 2 75 60 35 88 1 21 52 95 67 68 3 47 44 28 0 91 9 28 87 96 36 82 80 40 42 59 70 87 89 73 
21 72 22 95 58 65 55 33 78 0 17 89 4 78 60 53 27 41 19 52 5 11 92 9 1 95 2 13 16 59 63 26 
22 64 24 20 0 90 35 48 91 73 7 5 4 73 84 54 0 21 0 71 94 98 33 76 72 31 32 44 99 90 30 52 
36 15 47 66 43 57 49 93 98 33 63 11 27 71 39 59 59 28 58 82 53 67 98 72 67 24 10 67 35 30 22 75 
9 61 50 79 85 87 62 45 37 81 40 61 70 42 78 6 48 49 53 45 23 72 96 44 4 11 34 32 85 0 52 20 
26 85 4 97 69 25 97 58 1 84 29 73 15 77 20 45 98 38 75 99 29 22 30 92 59 20 42 89 19 5 79 10 
86 88 34 57 83 73 75 42 81 3 51 84 28 32 17 55 9 47 79 62 0 6 0 49 77 18 28 11 15 43 96 17 
18 5 68 35 95 33 7 36 66 82 99 22 72 3 66 61 19 93 85 8 3 47 27 6 70 26 94 42 88 0 18 62 
26 20 78 82 25 71 38 49 48 68 91 58 51 34 50 89 58 28 24 46 34 48 98 71 50 31 86 53 18 26 1 96 
65 79 61 35 82 65 14 96 11 45 72 10 89 1 46 85 23 71 14 75 85 75 90 80 8 66 73 89 69 67 58 7 
44 63 10 46 28 50 54 81 50 10 58 96 34 60 45 49 57 34 49 41 92 54 6 34 53 10 67 58 90 17 32 91 
75 7 64 91 61 9 28 4 89 95 41 1 79 47 87 67 57 22 58 62 67 75 46 92 41 32 72 60 63 34 68 57 
69 5 46 54 16 12 0 94 26 95 93 97 22 18 77 69 7 67 54 11 67 5 39 46 55 7 87 71 94 60 93 80 
59 49 96 26 89 94 82 70 63 86 18 71 5 13 42 26 50 24 47 72 46 7 64 85 92 92 26 58 78 69 48 60 
5 36 21 4 93 90 3 36 84 53 51 16 71 96 83 26 71 38 26 84 38 71 74 56 43 15 52 50 79 23 31 26 
26 89 51 84 6 98 66 0 11 0 26 8 0 15 15 98 50 28 19 45 26 4 56 67 17 63 16 95 73 92 25 16 
71 41 32 6 30 57 52 19 54 78 69 11 84 58 59 5 34 26 97 13 98 14 10 22 30 0 36 61 52 91 63 1 
56 44 29 54 43 55 0 28 33 44 66 81 20 14 6 27 32 78 2 85 79 25 9 54 74 83 94 87 61 20 7 46 
52 37 98 47 27 44 15 40 10 33 59 21 18 17 92 33 11 18 65 41 55 77 8 46 52 44 47 71 66 42 21 77 
80 0 79 38 73 40 36 37 83 70 69 4 24 32 9 34 29 46 85 80 24 50 12 90 9 26 11 59 33 47 60 36 
60 90 16 19 13 79 55 21 96 83 48 90 77 44 95 18 80 19 28 99 33 95 76 51 48 89 86 64 69 6 44 2 
67 39 85 50 0 9 13 15 95 58 92 55 73 87 35 73 0 24 12 2 54 58 17 51 70 82 24 57 34 63 74 84 
46 26 50 26 84 34 81 16 74 18 5 30 96 6 95 48 54 78 22 49 35 82 21 56 39 5 25 64 64 26 97 28 
76 8 35 56 55 98 80 54 49 53 7 93 74 78 90 38 30 72 66 52 40 4 87 10 62 1 93 91 12 75 78 13 
99 24 67 28 40 29 41 63 25 55 54 10 72 77 57 63 60 79 40 90 25 10 33 83 73 59 48 71 96 86 91 7 
36 63 40 94 39 47 80 31 58 61 97 2 52 1 11 83 47 99 60 84 43 9 87 53 85 10 13 19 26 79 83 51 
86 56 96 74 28 12 94 28 76 59 62 96 64 36 97 35 72 31 42 38 29 5 93 84 89 63 6 17 77 2 28 96 
59 72 77 99 83 20 46 80 22 88 43 98 75 0 26 66 70 84 38 36 34 26 48 26 59 66 45 7 53 19 2 58 
68 50 93 18 73 87 33 34 65 96 97 18 49 47 66 48 63 45 40 62 29 20 39 89 35 65 27 18 90 18 45 82 
41 75 73 91 16 97 2 47 41 93 93 93 43 63 14 30 64 66 31 15 39 51 43 24 43 3 56 46 89 83 90 90 
65 7 69 86 86 15 77 61 1 36 37 87 43 38 57 15 68 84 49 20 81 4 3 15 57 74 1 11 56 26 85 0 
60 20 85 30 2 79 47 42 30 95 50 19 51 54 40 83 25 63 48 5 20 57 20 7 37 62 44 32 21 83 80 8 
96 85 85 61 20 66 71 18 59 38 36 79 89 10 54 87 64 82 38 86 6 39 37 75 85 72 69 27 3 86 62 0 
55 92 57 73 24 9 82 15 65 76 99 21 91 22 91 1 28 30 53 82 5 35 6 75 19 24 90 14 2 32 44 90 
30 53 4 66 11 54 55 15 52 66 74 34 4 41 60 31 58 58 2 62 16 95 40 11 47 65 18 1 58 27 8 73 
40 26 60 2 15 34 47 37 32 44 3 57 92 13 32 77 18 87 17 46 3 56 14 52 79 39 61 90 11 40 62 94 
90 88 11 47 94 10 33 53 16 16 53 60 40 57 35 73 80 13 98 22 34 83 9 89 97 71 10 83 45 32 24 3 
4 61 99 23 47 68 49 92 32 57 47 21 58 61 26 61 71 23 89 66 90 86 68 34 25 53 39 37 33 73 1 82 
33 5 90 11 86 30 20 85 90 41 51 13 48 77 85 52 3 69 33 97 5 91 31 4 41 0 98 60 2 64 82 23 
15 31 61 50 99 78 65 40 64 28 31 60 13 69 55 23 54 88 16 72 57 16 91 6 95 13 44 88 60 26 65 4 
79 36 64 39 18 94 92 10 87 7 8 73 73 4 28 36 26 87 33 3 73 15 15 96 79 11 21 40 99 45 66 75 
80 91 95 33 20 0 34 42 6 70 18 22 80 64 69 69 23 23 39 38 77 11 4 55 38 59 53 70 43 99 99 11 
60 73 6 1 39 26 54 20 54 0 61 93 94 36 21 50 47 96 48 48 25 11 9 77 32 68 12 60 32 30 99 5 
35 29 53 23 13 83 5 76 19 5 65 59 52 76 80 89 0 37 34 94 70 9 86 20 5 7 30 66 7 48 55 99 
31 40 52 95 33 34 58 31 0 46 38 11 40 49 31 12 74 19 46 80 54 8 52 31 92 75 51 94 19 75 45 91 
78 25 75 24 35 9 86 7 50 11 92 87 28 53 93 42 95 45 32 86 99 95 98 79 42 21 71 82 91 41 77 57 
0 97 29 87 92 59 52 35 49 3 78 65 51 17 99 99 89 75 8 24 64 80 29 63 66 53 57 24 17 45 30 23 
27 88 8 80 50 16 72 24 72 3 82 14 81 13 20 20 64 27 2 69 57 34 72 19 18 70 23 30 41 30 0 23 
49 89 2 19 59 32 27 16 88 54 98 86 78 73 84 4 18 98 82 50 58 89 79 19 27 52 19 84 93 34 8 96 
86 76 32 47 53 42 84 74 5 33 36 37 11 97 28 19 57 47 24 71 91 5 11 56 44 16 95 60 6 80 49 78 
47 26 70 34 26 40 35 78 38 67 90 86 66 70 0 62 77 55 99 0 77 78 91 69 15 58 5 52 65 16 3 62 
72 23 92 22 1 25 49 37 76 13 93 90 25 30 46 28 36 33 5 32 66 71 92 18 69 5 50 33 69 69 59 67 
49 10 94 48 50 25 66 82 31 70 5 73 23 42 40 97 15 35 68 61 8 42 33 92 9 73 70 23 2 85 12 9 
61 35 92 71 58 80 25 29 74 95 58 11 36 11 70 21 69 21 85 45 6 38 55 54 28 32 49 30 24 95 63 5 
73 92 70 5 31 14 82 94 58 31 40 19 88 59 83 77 84 44 57 20 48 95 65 88 62 91 91 21 31 31 67 81 
89 82 16 92 7 55 57 54 31 59 99 63 3 47 59 72 13 7 70 48 38 41 71 82 7 96 56 33 68 89 33 88 
40 7 69 81 1 43 75 64 76 19 87 45 66 56 95 22 64 23 9 31 37 65 6 45 54 75 7 94 21 5 4 91 
15 71 91 68 65 98 28 80 6 66 99 34 16 12 58 23 76 20 58 7 59 33 57 24 71 3 18 68 12 59 36 76 
61 33 48 4 23 68 35 35 21 92 85 69 24 61 5 92 46 17 13 78 46 82 56 11 88 37 15 62 16 19 10 97 
64 14 30 51 19 37 36 68 80 26 79 88 48 61 62 68 85 94 58 32 61 96 32 86 59 89 96 66 45 29 5 69 
61 82 63 35 58 10 15 47 36 96 19 13 55 54 92 71 90 68 84 11 88 7 4 2 21 41 95 82 35 37 70 57 
47 35 76 1 78 65 13 68 76 81 27 25 26 63 37 10 25 75 41 33 3 7 89 14 33 40 53 23 18 51 67 19 
40 32 49 64 93 35 82 80 77 26 28 24 95 15 33 72 38 58 7 3 31 49 74 43 44 76 82 16 87 47 83 30 
89 51 18 78 14 48 53 82 27 38 90 13 60 92 84 5 24 10 68 9 30 23 32 43 90 9 78 39 93 65 44 82 
13 8 11 21 77 37 18 70 6 42 85 13 64 13 7 58 32 22 46 3 78 42 38 92 34 16 9 70 95 34 30 96 
73 56 4 18 2 88 74 81 21 29 85 25 18 81 42 97 13 79 86 24 69 71 76 85 41 45 99 58 35 96 53 7 
13 79 32 89 22 90 24 94 17 16 26 94 48 74 75 12 12 76 64 57 65 68 55 67 55 75 56 3 80 20 22 35 
41 80 89 2 39 8 36 85 37 78 59 95 10 91 89 99 53 18 24 34 10 2 62 52 59 42 67 72 3 42 33 8 
92 63 85 88 27 40 15 42 10 64 10 51 86 0 9 88 63 48 58 55 54 50 66 42 26 39 18 75 18 15 45 27 
14 2 78 92 45 28 36 66 72 25 81 33 70 88 53 89 7 63 6 80 86 70 74 21 67 46 7 46 55 29 70 79 
49 6 70 30 37 2 40 92 90 26 22 2 12 57 97 53 29 87 48 20 67 32 86 3 24 50 40 78 1 34 68 4 
67 25 34 94 75 84 86 4 6 23 79 54 10 86 4 21 41 7 28 44 32 50 35 74 19 68 23 38 15 40 92 47 
17 55 46 11 51 20 55 6 21 67 57 36 59 75 90 63 90 11 45 64 1 74 88 9 56 67 41 28 8 68 82 19 
78 19 54 55 30 84 90 99 38 38 92 10 43 56 75 49 80 68 49 8 86 95 42 45 64 72 70 54 69 87 81 0 
7 62 46 44 14 39 67 62 95 85 52 66 99 1 88 43 93 90 6 75 75 44 20 32 91 58 34 9 95 31 29 82 
16 19 6 55 97 40 47 24 93 68 1 5 5 86 41 55 31 68 93 90 12 27 46 40 97 22 97 45 35 66 39 26 
20 39 34 31 78 37 25 51 59 34 31 74 55 39 69 11 18 86 86 41 42 83 53 89 9 3 35 85 47 51 2 51 
84 46 77 86 45 9 53 93 82 67 2 51 99 16 56 6 4 78 13 92 51 75 56 89 52 30 75 31 41 61 18 69 
24 87 45 18 91 19 8 17 62 9 30 46 23 65 39 4 79 45 14 55 45 29 44 54 1 7 35 25 44 42 12 37 
67 30 80 8 30 41 30 0 66 45 42 0 46 83 13 58 19 21 9 85 3 36 96 15 22 85 78 32 32 12 19 29 
78 12 16 91 72 90 69 33 7 94 60 1 53 92 82 79 2 6 14 19 9 8 36 73 60 24 47 44 26 85 64 28 
57 52 31 57 67 54 47 16 13 17 46 85 50 61 55 79 14 91 29 97 96 37 85 46 38 29 87 4 56 4 46 47 
43 91 50 12 73 61 64 17 27 73 1 31 51 22 3 99 19 41 70 27 74 78 6 48 90 96 10 45 88 1 38 16 
73 45 37 81 9 51 31 29 22 15 65 68 34 0 55 82 50 35 64 80 5 25 64 15 9 4 41 55 5 56 22 93 
86 69 80 32 91 40 60 31 58 50 2 76 37 77 90 16 63 22 57 86 0 49 50 73 78 1 54 94 79 20 49 45 
8 8 35 69 0 71 12 47 62 80 16 11 71 86 13 77 62 98 63 3 47 50 57 96 18 61 10 6 26 27 32 61 
53 33 94 3 94 82 98 77 31 93 87 76 64 76 79 38 86 34 39 32 90 4 88 95 73 29 68 78 62 84 58 15 
81 85 13 56 27 37 55 50 24 82 79 1 41 49 48 30 36 70 57 12 69 87 71 70 47 72 82 27 35 3 52 86 
5 47 31 26 58 94 70 65 87 66 36 72 60 39 1 29 32 83 81 21 16 35 79 78 91 87 7 5 50 80 40 2 
57 8 30 37 47 70 31 6 22 50 46 37 51 4 77 79 81 61 55 41 68 85 31 58 93 73 66 76 54 55 69 68 
17 43 40 19 22 5 7 86 85 54 24 90 13 98 16 49 76 19 7 73 20 47 59 86 15 7 33 52 78 20 32 43 
24 93 51 94 11 71 77 68 33 69 91 90 6 27 83 26 92 81 89 44 59 66 56 91 23 48 82 8 97 3 44 11 
83 37 89 11 51 12 38 8 42 80 60 60 46 69 42 42 26 20 45 88 99 14 33 23 78 82 87 17 12 56 78 69 
81 8 39 34 64 8 93 2 72 18 57 65 57 34 67 34 30 36 74 35 68 3 19 68 63 93 6 91 36 19 97 23 
99 45 97 75 12 60 90 23 66 35 15 28 75 40 1 89 88 52 62 58 0 62 69 90 79 90 8 58 62 36 93 79 
49 53 31 90 58 78 74 14 97 5 94 27 49 70 37 79 27 69 51 45 64 1 96 71 18 88 81 89 12 96 95 81 
91 72 81 94 18 15 93 7 72 85 30 52 54 63 29 73 87 66 34 72 69 5 31 49 47 64 85 69 4 77 42 43 
84 93 47 80 64 8 77 7 64 78 63 40 42 65 44 33 26 0 4 90 46 79 54 31 99 18 40 6 77 24 67 47 
13 0 48 24 73 31 76 60 93 29 21 35 65 75 59 9 62 34 51 36 75 89 98 62 94 85 53 40 23 61 73 96 
5 18 34 45 63 93 38 17 71 89 11 77 31 52 41 93 68 89 80 42 44 36 22 69 71 25 38 91 66 53 68 19 
61 51 31 29 40 31 22 87 13 16 63 41 32 14 39 35 11 80 15 16 37 9 15 20 27 72 61 6 7 90 17 22 
37 54 57 26 31 39 60 64 12 22 4 29 49 48 40 25 16 36 40 82 15 22 12 43 90 19 96 50 36 81 67 75 
40 60 2 29 68 11 81 95 63 32 61 71 40 10 92 66 7 33 70 83 64 89 41 63 99 60 45 83 63 83 63 70 
67 40 71 21 11 57 48 52 11 29 3 31 7 44 0 83 51 34 47 96 94 16 47 58 83 91 18 41 3 94 32 37 
10 58 20 4 80 43 45 67 68 6 26 35 25 78 24 58 77 83 26 69 16 5 73 35 37 67 29 99 92 76 14 62 
56 20 33 48 24 39 89 53 61 51 47 13 70 56 14 21 25 93 42 50 98 63 28 99 63 93 55 2 98 79 94 40 
18 63 38 18 77 3 91 41 79 59 4 11 11 82 92 92 86 12 60 98 12 53 71 72 70 36 64 50 26 89 43 88 
28 42 91 22 49 26 92 23 58 10 46 90 82 52 66 37 42 63 5 54 7 89 26 1 29 41 44 71 94 32 66 36 
29 99 68 44 51 99 79 36 90 81 84 97 33 10 91 2 90 74 71 15 25 50 6 94 82 28 58 53 28 46 86 90 
94 30 88 39 31 4 57 11 82 12 32 35 7 76 87 18 76 30 19 74 92 71 74 64 18 67 52 43 23 17 19 26 
27 52 57 64 58 72 77 16 90 22 9 83 96 58 6 49 0 55 5 38 3 6 63 1 57 49 93 26 7 27 54 26 
27 48 17 31 78 11 83 60 8 72 38 50 80 36 98 40 30 24 37 25 22 14 88 52 62 88 40 58 88 75 35 84 
15 19 86 80 61 56 68 49 18 29 49 40 71 27 16 70 5 18 71 16 97 79 5 58 74 12 19 79 42 96 8 79 
11 9 94 35 37 93 67 85 0 26 16 68 73 17 46 7 30 32 82 83 72 37 23 77 72 90 24 88 54 68 7 79 
10 97 14 79 36 97 13 36 72 14 84 56 83 87 15 8 17 43 68 54 60 51 9 56 61 86 8 51 71 50 56 1 
81 59 94 57 25 40 37 96 8 90 46 46 84 93 52 24 57 34 43 77 91 47 40 79 77 71 71 2 76 22 14 16 
52 40 14 61 80 86 35 3 52 25 16 59 23 0 60 67 63 58 5 51 43 12 11 70 23 42 21 90 35 8 41 0 
14 52 58 23 26 27 12 4 77 48 71 83 10 10 31 45 71 39 88 73 51 98 23 26 77 50 42 26 79 79 94 30 
76 82 78 46 89 67 51 44 51 79 19 77 29 4 2 47 8 83 2 91 15 25 99 54 20 59 82 64 97 77 60 45 
25 75 90 15 95 58 80 26 30 93 91 42 14 75 29 40 3 49 45 76 79 17 11 79 7 87 97 78 47 77 51 9 
95 74 29 70 51 28 76 98 1 62 69 27 6 65 54 24 75 55 2 10 0 10 44 15 20 71 18 97 19 39 96 38 
92 40 89 59 33 45 31 96 45 19 72 5 34 12 0 7 26 21 33 59 36 57 13 8 60 58 23 61 35 71 51 57 
60 24 64 66 37 89 88 16 2 88 35 11 33 82 64 22 81 36 34 12 5 52 74 89 46 81 71 85 93 33 94 52 
80 31 31 22 23 72 39 15 11 0 56 15 67 29 16 20 11 0 24 25 78 0 0 87 43 63 13 66 88 89 48 42 
52 12 27 32 80 83 61 52 49 23 69 27 68 19 51 5 50 60 45 69 95 9 18 33 15 78 50 37 96 99 22 64 
92 72 74 76 66 52 89 36 87 66 99 37 4 50 86 10 15 9 0 13 44 75 45 39 57 70 14 47 70 35 58 92 
75 3 37 42 47 44 39 74 71 69 82 33 76 85 48 34 9 82 56 49 37 91 64 37 50 40 17 15 52 58 75 17 
6 59 56 33 46 11 88 26 30 43 18 97 38 55 86 41 26 12 75 97 59 91 56 96 82 39 44 95 56 62 14 7 
20 91 79 42 19 78 11 64 43 61 3 91 56 26 63 76 83 38 11 97 5 88 72 83 0 72 80 65 5 76 58 91 
58 45 33 13 98 23 49 80 76 54 33 68 77 85 91 21 71 21 49 52 94 79 12 22 41 11 96 35 95 96 68 92 
32 85 8 22 8 23 5 7 6 83 80 60 41 55 55 90 68 64 41 40 44 38 53 81 29 31 39 65 10 59 71 78 
13 36 55 29 95 23 87 68 44 91 4 19 20 58 38 95 31 84 91 83 87 98 98 9 99 40 93 29 22 47 7 33 
58 26 17 5 5 49 76 24 35 27 24 52 15 9 69 62 91 44 11 33 5 16 20 9 48 36 53 97 32 1 13 38 
11 70 16 7 37 3 83 69 99 90 94 33 8 0 87 29 77 29 21 20 79 6 6 61 60 60 17 50 46 54 88 56 
80 53 70 83 71 43 93 29 0 97 20 4 21 91 24 15 17 98 61 58 38 30 88 70 98 78 27 56 6 56 37 43 
64 86 20 57 15 71 45 79 21 28 79 37 65 90 1 89 18 16 18 20 21 42 39 19 83 2 84 7 39 56 35 36 
87 86 38 33 21 17 44 36 55 90 56 14 56 13 89 17 81 55 2 78 87 48 42 56 90 95 84 99 17 51 34 54 
83 64 44 26 30 7 53 91 97 15 45 89 70 60 93 97 54 2 75 88 19 15 46 25 65 22 51 95 44 35 91 25 
38 29 54 77 72 91 40 96 16 16 3 39 15 71 92 21 76 65 3 65 78 98 66 83 74 14 89 92 85 90 22 97 
44 76 36 74 17 99 42 67 20 29 54 84 87 14 66 75 40 81 44 99 25 15 94 65 73 0 10 38 94 2 89 91 
7 70 90 72 12 18 62 77 92 69 78 52 51 1 12 89 50 46 11 36 65 85 91 79 51 96 2 68 65 93 82 66 
45 10 3 17 13 28 20 49 45 25 30 67 54 12 46 38 81 19 92 40 64 27 40 62 48 49 33 24 45 58 89 14 
70 57 21 59 77 80 29 71 23 8 88 64 0 75 70 14 74 25 55 45 16 11 46 45 60 55 54 12 10 68 41 20 
48 83 78 27 38 72 93 95 73 90 58 56 81 50 98 6 21 11 44 77 32 20 16 92 82 27 27 25 16 9 10 50 
85 31 28 5 34 11 66 58 88 9 26 55 5 1 2 25 61 58 47 50 24 70 22 11 75 80 98 34 99 88 37 59 
1 45 93 44 83 29 31 75 84 94 78 96 76 84 73 23 43 1 8 5 61 84 73 59 22 75 9 93 52 60 1 64 
34 70 98 90 95 98 61 83 24 24 40 77 79 28 63 69 63 97 6 85 65 36 65 35 68 76 2 80 69 23 54 99 
13 22 11 1 41 81 30 84 29 1 10 96 69 27 13 46 4 61 83 41 42 37 4 75 37 14 94 20 88 4 1 51 
89 56 48 26 17 84 93 44 7 53 93 54 54 70 78 50 19 34 89 92 91 91 4 24 73 66 21 85 20 99 85 28 
56 84 25 68 48 2 15 98 53 57 85 55 94 42 58 41 4 87 22 7 55 50 9 12 51 91 35 99 29 28 27 6 
91 80 42 13 40 7 75 47 96 84 70 66 49 49 34 32 14 93 36 26 53 34 70 9 71 93 72 61 79 7 78 46 
54 73 75 99 91 95 62 77 68 75 92 84 11 80 89 94 34 96 4 36 82 15 31 23 67 14 32 56 51 83 11 75 
24 41 95 39 20 58 55 14 32 30 10 69 69 36 88 63 15 95 82 7 31 33 49 96 41 67 22 68 19 82 81 1 
62 92 60 97 31 69 78 94 29 88 26 53 53 35 62 27 38 58 30 93 1 56 15 42 38 19 60 57 49 23 16 85 
15 37 68 4 84 54 72 71 18 49 34 52 93 63 88 91 95 82 16 99 75 17 77 9 65 83 48 74 4 94 9 6 
89 9 36 90 39 62 52 59 49 18 12 85 68 62 53 90 82 63 24 1 20 74 8 99 67 74 52 89 64 47 99 28 
5 72 45 49 41 25 51 29 35 67 6 93 30 98 65 16 2 56 29 42 62 32 24 22 52 82 98 20 29 99 66 48 
42 68 57 18 36 79 60 18 99 11 33 28 3 54 45 58 24 70 37 32 65 15 91 97 3 87 87 52 8 4 91 64 
58 24 53 52 62 8 28 84 55 51 29 78 4 85 24 91 55 76 51 57 63 87 51 76 17 62 67 28 47 91 94 26 
30 22 85 89 54 5 33 13 88 18 83 27 7 85 83 35 80 14 34 13 17 9 12 84 54 14 62 78 60 64 50 86 
1 90 9 39 20 60 6 89 21 72 93 38 70 85 61 27 83 70 99 46 68 71 77 84 33 4 40 60 82 55 99 42 
28 65 20 39 52 62 52 54 0 3 7 72 0 20 86 81 64 73 78 95 39 58 34 28 71 60 57 27 76 8 9 40 
31 19 28 49 87 76 69 30 90 9 87 93 81 92 75 39 54 6 72 23 34 59 64 68 36 65 49 51 73 76 97 15 
62 47 80 8 59 88 81 44 90 10 36 45 1 28 35 49 65 47 87 79 37 92 98 41 83 4 63 87 54 17 51 72 
12 81 79 22 54 76 67 56 98 67 17 15 85 4 11 29 35 36 56 98 88 83 5 54 1 16 77 29 20 16 9 33 
41 23 46 81 59 82 31 87 99 43 52 84 19 8 54 25 26 46 86 6 0 46 0 48 54 65 45 59 64 26 90 16 
3 30 26 38 2 96 94 48 60 19 15 96 49 59 8 84 99 40 91 25 47 43 31 21 69 68 1 42 57 9 27 61 
24 40 85 85 55 4 83 35 30 6 96 19 2 35 22 91 45 59 50 16 3 76 75 27 39 29 87 17 51 55 62 66 
49 45 64 25 50 12 94 65 73 53 5 33 46 87 55 4 53 91 14 59 43 55 27 21 48 47 20 82 10 50 35 53 
25 84 63 7 36 90 64 65 33 56 19 53 9 71 28 53 75 11 25 14 11 18 92 48 75 19 16 67 78 31 37 49 
17 18 26 88 43 92 36 31 37 26 50 24 51 19 64 66 26 71 37 37 71 51 65 62 21 72 15 1 47 27 52 95 
49 10 81 21 17 33 7 63 45 75 94 66 85 71 19 69 95 96 95 99 56 85 22 5 9 39 93 92 58 93 32 17 
20 73 48 77 85 96 72 78 27 93 99 79 1 55 6 32 74 74 80 1 88 83 48 49 16 16 62 16 82 80 83 85 
79 35 26 22 27 19 92 63 25 37 60 90 53 67 16 46 98 24 90 3 29 43 62 60 62 98 53 84 22 94 50 35 
82 27 49 46 43 21 94 38 3 93 99 89 20 60 62 35 32 39 6 60 34 56 9 32 95 17 8 29 72 53 23 5 
36 37 39 31 66 89 78 15 3 65 55 26 14 68 95 4 32 18 52 46 15 82 68 64 82 6 69 7 32 71 69 9 
22 26 74 97 10 49 77 67 51 40 67 62 43 4 76 64 61 18 47 95 12 13 35 84 40 0 66 22 8 39 49 26 
40 69 24 58 85 92 86 45 35 23 72 84 20 48 75 99 52 42 45 8 69 20 99 69 28 24 21 9 65 85 54 52 
5 51 50 64 90 82 46 61 53 41 83 18 79 80 31 70 61 3 5 76 31 85 0 82 23 70 63 54 44 44 40 48 
94 0 92 24 61 75 40 0 95 35 90 98 94 81 77 0 51 72 38 53 80 55 96 79 13 53 77 11 0 50 68 77 
54 11 98 86 66 71 4 61 73 60 38 49 56 69 88 81 91 6 98 9 6 2 41 37 22 62 65 16 49 66 94 95 
19 25 8 10 94 70 31 32 85 69 87 26 81 57 85 45 80 0 31 25 12 86 35 83 1 88 96 87 39 12 16 91 
19 77 18 3 83 12 20 37 1 14 89 43 1 86 74 37 28 71 46 73 86 23 89 9 3 0 89 22 22 88 76 16 
14 8 3 95 15 89 36 65 65 26 48 38 36 34 26 96 9 79 23 45 96 85 79 27 71 41 34 95 54 58 74 66 
65 57 77 68 81 9 82 71 2 9 47 60 27 19 2 14 35 67 39 92 19 16 62 22 18 75 10 32 12 14 9 9 
76 4 99 30 13 52 42 63 88 84 16 1 61 39 17 15 59 95 4 87 1 4 69 37 56 72 20 5 3 44 61 10 
23 47 68 59 47 90 13 14 87 11 6 41 69 96 40 52 13 80 94 94 60 18 64 0 20 46 2 52 15 60 47 99 
65 76 33 61 55 11 14 59 46 85 8 39 9 32 54 96 53 50 7 1 3 28 40 51 15 33 30 31 76 54 50 51 

=============== SECVENTIAL ===============
Elapsed time: 3
141 122 98 47 130 76 124 91 62 88 3 119 43 94 39 130 44 127 61 102 158 50 51 141 93 44 72 54 105 147 46 91 
138 176 96 69 100 158 93 101 80 112 67 72 96 69 159 158 107 72 57 47 164 148 78 134 142 92 34 147 98 95 35 135 
167 46 56 98 140 66 58 139 24 34 142 134 88 116 100 160 108 171 82 87 54 147 132 108 134 102 115 164 98 88 92 65 
51 102 75 170 96 28 117 166 93 27 109 34 114 172 85 72 48 98 133 94 76 157 61 99 157 100 4 92 28 97 123 121 
54 139 93 174 167 104 31 42 99 179 99 143 46 132 60 103 124 90 89 20 44 89 64 105 77 177 100 65 81 130 76 181 
124 169 76 57 51 86 159 110 67 107 39 94 53 132 75 57 119 75 108 55 44 63 103 89 110 121 121 71 92 102 33 95 
86 80 126 65 148 118 51 115 112 121 65 82 126 91 154 125 162 82 119 25 55 123 55 57 121 80 129 160 141 67 73 75 
51 96 152 116 113 24 89 96 86 54 188 112 157 64 128 115 99 50 182 114 79 21 167 97 80 10 26 114 132 152 87 103 
92 165 78 126 94 145 123 14 53 91 145 100 194 95 33 133 125 163 138 60 91 154 65 78 122 80 57 128 93 129 100 99 
59 27 116 93 103 19 82 61 135 147 136 73 114 107 24 89 25 116 148 73 124 48 135 24 45 44 146 77 33 119 16 83 
142 174 61 110 149 135 126 100 40 117 105 143 84 140 47 119 80 39 82 89 93 16 127 102 164 106 149 48 43 68 147 35 
152 98 103 102 107 49 38 139 100 115 148 156 108 71 156 40 27 111 81 128 106 118 79 5 61 101 61 140 112 57 164 171 
158 155 36 19 65 82 116 35 92 184 43 25 95 80 160 95 50 108 71 64 95 163 156 76 32 75 108 82 90 34 113 11 
91 94 61 35 80 104 106 83 83 96 114 105 104 68 111 113 92 5 60 23 45 98 38 45 147 67 104 141 60 140 172 50 
52 85 70 99 179 157 94 120 146 110 70 101 87 73 48 86 132 124 34 97 159 139 124 154 85 162 161 193 128 129 34 87 
43 113 71 110 139 43 113 91 94 112 151 80 37 114 121 93 81 104 76 72 89 93 112 123 79 132 105 75 85 70 179 10 
89 148 115 97 110 72 103 117 116 126 147 96 141 89 48 59 104 81 133 105 73 70 116 84 126 150 159 99 114 120 126 100 
60 126 83 148 58 115 79 167 180 22 88 21 92 106 93 143 107 75 187 123 95 96 24 111 167 127 191 136 111 65 21 61 
90 105 107 86 94 55 155 144 81 101 112 65 95 111 58 174 29 134 83 55 79 42 158 56 137 58 95 83 116 83 50 108 
87 134 35 11 123 167 97 15 47 143 165 118 154 183 58 55 103 99 76 72 63 124 117 109 101 25 138 100 171 165 110 130 
127 88 111 81 104 44 177 12 74 72 64 144 120 188 97 119 68 104 108 123 79 26 133 92 46 115 103 86 73 38 69 134 
178 135 39 81 73 54 94 133 90 156 73 55 139 149 98 119 143 118 169 79 39 168 65 69 28 84 126 141 100 60 106 181 
125 90 141 170 106 128 140 51 128 20 139 41 133 182 42 135 87 121 145 58 68 117 181 78 148 108 102 79 154 134 99 118 
107 87 97 105 152 15 126 121 87 87 92 96 85 118 136 95 166 110 129 80 133 85 11 31 44 94 129 49 71 64 130 158 
124 66 168 129 66 60 194 56 167 89 93 140 36 139 147 121 108 40 137 55 78 118 102 122 35 45 64 94 105 79 124 53 
41 105 90 103 101 111 126 63 66 145 57 126 85 160 187 94 85 102 84 156 16 89 57 88 134 130 114 191 58 140 85 102 
117 137 113 142 76 53 50 64 104 125 84 61 88 174 74 169 34 42 64 90 114 107 22 79 62 67 114 167 73 130 152 78 
140 90 159 92 63 64 48 92 41 119 171 71 29 39 132 151 126 43 119 98 164 98 26 83 148 133 7 139 115 109 39 108 
167 32 117 177 138 121 134 93 31 41 56 134 72 132 114 95 141 133 19 95 102 188 64 8 136 92 70 102 139 70 168 88 
89 79 115 22 161 101 25 127 138 154 124 110 143 145 165 155 80 68 97 114 73 79 47 73 49 157 15 82 77 193 25 72 
143 100 102 52 97 98 49 25 150 106 109 71 39 91 124 85 46 15 172 86 76 105 71 46 123 42 71 60 153 56 52 58 
147 109 87 155 135 78 3 68 184 105 15 143 73 104 133 121 139 64 58 105 60 85 91 116 86 81 112 99 96 10 73 62 
87 136 100 107 95 168 73 99 91 155 148 56 107 114 133 127 155 118 101 143 171 79 148 175 30 131 66 92 113 33 118 154 
125 28 133 62 39 84 59 59 67 64 114 135 130 148 68 113 56 85 39 22 119 110 141 98 145 85 50 118 53 120 81 114 
108 101 155 182 65 26 146 32 121 84 95 103 63 101 46 57 138 130 153 28 60 96 73 74 127 146 60 62 94 41 91 63 
142 154 132 41 83 165 74 121 100 112 44 149 68 66 130 79 25 83 71 89 61 68 176 66 72 106 37 99 79 36 80 150 
35 101 40 83 112 75 52 66 124 162 81 128 125 152 45 92 119 73 124 130 53 82 109 7 178 24 42 35 41 79 105 59 
92 93 52 104 194 115 158 100 113 87 131 36 26 6 44 112 96 152 98 102 143 106 58 92 78 78 74 132 65 46 103 170 
168 62 77 45 113 82 100 99 13 119 122 91 117 152 33 114 101 141 123 10 85 132 124 126 102 143 71 101 80 160 164 174 
99 88 133 123 100 170 167 174 164 51 139 127 126 34 97 102 48 75 136 170 91 132 38 29 47 39 163 173 58 136 113 22 
133 47 105 74 83 68 71 27 90 65 63 108 93 92 144 126 104 120 53 125 45 150 114 92 103 159 72 114 178 127 92 154 
111 90 109 146 90 88 89 99 100 107 76 156 143 58 109 28 53 105 73 96 32 111 118 160 156 157 91 105 139 118 61 160 
84 128 80 94 18 115 47 160 81 68 78 24 127 108 90 112 147 77 126 66 39 121 60 88 53 114 19 110 92 145 50 152 
25 70 144 97 86 143 5 98 98 148 123 107 10 102 89 115 60 171 38 127 126 113 102 97 176 138 50 107 86 184 121 136 
52 126 111 184 82 161 141 131 81 30 41 94 66 149 114 108 40 133 78 101 66 48 149 87 1 162 18 47 31 87 140 86 
78 121 109 50 87 150 117 118 184 140 41 52 37 147 167 132 52 62 55 98 185 164 93 152 94 76 124 64 106 107 97 126 
49 63 109 151 84 117 94 117 150 121 127 102 126 113 135 115 99 42 114 103 58 128 141 123 102 97 100 138 119 118 57 101 
59 78 148 157 158 125 120 74 81 173 55 131 75 79 85 96 82 65 145 95 118 120 159 126 22 85 37 55 136 33 148 22 
120 97 14 186 75 32 110 129 49 92 57 93 56 118 115 48 147 84 97 122 34 94 89 149 147 49 53 177 37 77 109 98 
160 170 68 98 181 148 78 94 166 86 52 144 125 69 74 126 71 128 156 130 32 79 27 118 98 56 62 44 78 121 106 53 
95 47 146 98 123 88 74 95 136 168 170 30 167 43 85 123 84 169 151 24 29 139 95 63 82 50 166 113 141 65 61 158 
106 37 163 157 114 116 96 122 72 68 168 132 52 74 119 126 59 72 49 111 47 67 100 72 60 94 119 75 106 112 59 178 
144 110 94 84 149 103 61 149 62 111 165 41 103 33 79 96 83 147 109 104 89 91 98 165 31 126 162 139 165 72 152 96 
61 98 47 99 111 81 132 120 57 33 100 126 101 72 115 62 100 111 127 130 139 83 48 52 151 65 110 117 151 96 91 101 
167 89 148 93 67 27 60 7 104 103 72 30 177 54 100 96 58 112 145 119 114 154 66 183 121 91 85 76 75 76 146 148 
98 48 121 111 55 21 49 100 34 179 167 119 55 105 129 94 43 123 71 63 101 44 70 70 92 103 144 105 149 91 191 130 
66 119 151 108 163 152 157 169 124 122 91 149 27 52 105 30 119 106 49 72 100 94 127 183 156 104 83 95 134 160 144 79 
57 121 59 89 120 105 51 82 99 57 141 57 154 171 87 85 154 59 27 111 91 124 145 104 65 39 115 83 85 107 38 30 
26 126 132 106 89 148 130 32 89 71 61 34 75 42 73 142 129 77 44 75 67 100 139 133 91 126 60 148 102 160 96 55 
156 65 80 58 94 154 134 46 75 123 158 38 146 157 101 46 35 71 137 73 183 109 37 98 112 98 60 144 133 124 92 76 
89 126 44 138 127 126 22 98 90 143 110 167 112 29 40 36 108 167 98 96 125 89 45 129 113 131 145 160 92 41 39 67 
125 136 136 125 68 95 48 122 24 122 87 81 76 92 114 98 44 68 119 110 137 78 58 128 64 110 108 130 159 64 58 124 
132 73 168 39 150 123 42 42 110 168 114 52 55 91 18 34 57 142 168 167 38 118 100 107 92 69 41 90 130 137 87 47 
103 121 27 42 29 89 124 38 190 85 50 122 111 131 146 56 120 97 117 160 80 151 110 128 125 94 139 123 107 9 59 99 
93 50 183 72 48 24 88 108 187 69 97 109 102 106 124 136 94 81 101 77 142 135 29 52 136 162 108 130 110 78 97 183 
54 39 90 109 162 78 141 30 122 100 90 105 187 85 165 96 92 142 65 101 128 88 37 129 72 46 63 82 143 75 147 127 
146 30 74 66 150 186 134 136 89 58 100 116 127 130 160 94 81 136 164 133 54 89 106 79 141 73 99 120 55 91 171 53 
186 66 164 90 102 116 105 63 109 71 140 60 105 137 99 94 70 159 84 172 124 31 100 133 164 151 89 92 109 184 181 61 
85 115 111 167 121 116 127 59 120 87 114 5 85 73 80 109 125 180 116 155 48 75 162 84 183 107 52 52 117 161 128 77 
120 128 189 167 61 58 167 111 160 147 86 139 147 108 105 43 93 81 111 129 60 89 105 140 165 115 15 107 160 90 97 119 
97 87 152 194 150 94 112 172 56 110 67 128 104 81 32 119 135 176 83 43 118 113 97 80 119 71 126 71 137 39 80 99 
90 79 106 44 163 143 57 133 126 166 98 114 139 68 66 125 69 99 86 74 63 43 81 129 43 120 79 36 100 39 126 167 
135 108 160 163 76 147 11 131 42 172 100 141 97 160 62 127 129 159 60 58 91 79 63 86 140 86 125 76 154 148 135 99 
79 99 161 173 93 102 94 77 91 87 135 103 121 104 130 47 82 105 132 95 108 38 18 87 95 114 7 57 150 109 164 91 
153 21 175 58 27 171 130 128 81 113 139 69 51 116 113 109 106 124 122 47 93 134 65 70 114 129 66 91 56 158 101 79 
156 114 113 140 93 157 114 28 148 135 122 114 187 37 150 114 73 143 45 112 22 116 81 145 144 107 129 76 61 111 140 51 
126 187 78 156 99 74 180 88 125 132 103 31 190 61 181 81 75 44 146 122 19 105 42 104 38 121 128 105 92 77 52 95 
67 53 26 136 70 104 99 57 75 136 164 127 87 137 64 99 104 90 20 113 81 183 52 87 53 69 44 100 89 34 39 82 
83 53 144 88 109 68 54 94 123 124 100 63 158 61 110 152 102 153 78 84 51 72 66 80 143 52 123 189 80 115 77 131 
130 109 84 123 168 11 38 63 27 17 119 78 48 86 101 75 82 58 195 50 73 123 54 153 153 166 62 163 66 94 25 54 
29 126 177 30 52 84 143 178 65 82 138 54 95 107 104 157 82 83 117 112 165 147 78 74 28 60 56 38 54 107 90 164 
71 101 137 72 156 83 112 89 148 74 56 59 70 99 151 85 72 76 73 165 95 114 87 53 134 73 167 136 57 120 99 89 
29 101 157 146 112 111 83 48 109 65 87 102 111 148 112 45 75 128 19 170 151 99 140 76 172 33 80 151 134 102 141 24 
114 90 100 44 24 187 113 85 119 91 92 91 166 36 59 81 88 95 124 46 103 114 95 155 159 51 39 91 148 131 141 98 
118 175 168 41 30 47 73 94 102 133 66 109 151 152 98 113 92 97 44 110 139 95 67 132 128 65 131 102 70 142 119 94 
106 118 20 78 130 90 114 43 74 98 87 165 142 69 79 81 89 172 145 109 27 58 59 147 46 158 98 77 97 87 149 13 
56 82 111 50 96 156 92 88 44 96 82 135 144 162 171 161 77 75 93 120 148 71 171 40 30 62 110 78 11 97 65 134 
87 111 62 122 62 50 94 71 95 127 86 33 48 148 90 105 167 60 65 135 116 95 61 42 103 81 97 97 68 83 141 118 
128 57 114 85 80 108 94 9 96 37 92 90 102 149 163 63 137 57 65 137 114 127 156 140 65 63 117 113 150 57 167 101 
4 140 120 168 159 103 62 53 74 5 172 140 143 62 196 156 159 159 16 119 96 91 88 83 96 88 83 43 35 59 100 30 
37 169 47 142 130 45 130 44 121 45 154 87 118 107 51 111 79 80 4 88 106 96 108 54 113 77 51 111 95 113 40 66 
108 126 29 33 133 52 32 33 113 132 189 108 119 112 121 93 75 148 83 145 68 164 124 42 27 123 88 159 120 71 62 188 
126 80 99 82 128 53 111 102 23 118 43 96 24 121 82 54 99 102 83 93 182 78 38 130 111 62 132 126 103 130 108 136 
52 119 93 99 51 45 93 136 38 126 110 88 97 127 83 141 109 140 113 49 117 133 125 127 79 60 37 66 94 76 71 72 
105 36 131 36 59 50 57 74 146 22 143 189 30 48 108 83 92 85 60 76 72 74 173 25 121 12 51 47 163 102 130 82 
114 81 164 136 139 26 135 89 84 161 102 125 53 65 42 191 68 110 126 136 64 66 105 187 32 127 132 63 61 181 16 50 
130 75 142 100 73 100 69 40 159 191 70 86 89 99 150 81 73 120 184 115 75 124 99 66 121 42 51 88 86 171 145 38 
101 131 79 100 129 16 115 184 131 52 105 112 125 156 141 163 92 51 75 32 119 163 149 113 115 167 171 78 114 94 84 146 
176 167 96 182 79 141 82 85 101 72 157 161 78 117 139 147 24 7 169 134 88 117 95 113 59 108 66 94 68 117 43 91 
86 17 73 145 56 49 138 78 132 60 92 114 126 88 144 29 123 100 51 123 37 110 67 93 95 88 41 139 115 67 40 142 
67 120 174 91 70 163 32 151 84 142 187 82 77 97 75 90 148 91 108 69 117 52 139 30 140 62 103 94 42 138 111 87 
135 123 118 88 48 163 82 78 34 155 181 74 60 95 58 150 122 50 98 93 115 112 144 19 104 44 102 90 107 45 38 178 
160 113 91 94 27 77 60 108 161 83 164 129 79 120 66 68 145 178 63 117 153 138 94 101 97 162 192 73 90 96 99 114 
66 131 143 63 142 42 111 104 65 183 74 25 136 55 98 92 97 75 120 61 107 98 52 40 75 137 167 177 91 111 108 122 
49 121 127 7 88 148 23 155 150 117 57 66 93 85 57 32 104 86 117 79 13 52 92 51 117 121 104 98 94 138 162 54 
126 126 122 71 156 36 105 176 173 79 54 93 174 27 111 154 71 138 89 26 64 65 149 59 138 167 175 80 184 132 161 124 
175 135 66 91 84 110 123 85 97 76 173 22 138 185 142 50 121 103 106 80 90 103 38 95 160 32 108 57 157 87 142 116 
79 17 89 57 112 119 85 110 87 84 121 79 125 91 65 101 50 112 102 59 98 103 132 100 51 20 54 119 155 63 61 160 
123 136 85 92 28 105 129 141 97 30 92 52 89 125 48 106 94 79 90 52 141 78 87 129 131 48 143 139 84 174 99 58 
58 93 127 154 109 121 77 136 18 104 40 104 76 91 140 26 45 95 94 132 137 118 95 148 137 170 65 48 119 34 100 110 
125 114 154 56 54 97 130 135 110 169 85 176 102 118 116 189 100 56 25 49 22 101 159 77 64 79 116 150 69 133 97 41 
142 80 133 93 99 53 104 106 69 125 34 77 129 29 18 142 98 85 145 121 110 54 137 108 56 111 106 83 36 57 71 98 
55 9 116 150 89 96 114 95 77 116 123 98 124 146 67 130 92 145 76 145 182 144 155 69 137 111 34 125 119 64 133 162 
95 61 70 122 47 60 126 140 178 34 27 54 43 137 172 92 97 93 140 92 80 41 102 76 81 78 112 112 55 60 117 9 
147 106 131 183 105 92 154 93 41 24 80 83 38 104 47 30 106 46 55 95 65 128 70 97 49 96 90 68 93 139 164 78 
26 133 109 54 115 104 56 39 53 76 87 101 111 98 148 140 149 56 81 77 23 145 102 106 130 116 95 127 103 102 130 38 
132 89 115 126 35 123 90 181 106 131 124 22 74 65 116 122 171 108 68 19 137 184 68 97 101 76 150 67 86 123 103 52 
93 110 96 76 89 53 92 92 181 121 126 112 172 60 163 140 142 100 82 88 139 61 106 107 109 135 59 81 132 106 107 109 
42 35 38 139 121 103 72 85 173 159 99 11 43 115 130 126 31 114 168 121 74 52 88 102 99 33 149 52 104 114 94 48 
30 98 43 72 81 57 25 81 82 123 77 160 114 46 143 100 39 184 106 90 113 146 56 158 46 66 94 156 114 55 67 70 
177 119 100 134 97 104 137 169 136 110 18 135 110 28 102 76 24 156 52 138 124 148 125 158 58 50 115 43 90 78 38 91 
60 152 89 106 122 53 31 19 124 98 112 62 105 127 49 35 176 132 90 98 111 78 115 90 67 85 63 83 141 95 69 106 
134 106 133 55 122 56 55 49 117 135 107 76 113 107 46 72 70 29 39 85 75 109 133 104 42 116 165 116 78 82 39 83 
148 25 46 158 72 90 122 56 60 168 157 55 134 130 82 164 36 68 81 60 35 91 67 74 110 84 120 119 55 143 104 48 
129 53 90 86 165 61 102 55 24 67 84 104 51 81 137 99 110 188 98 166 120 63 151 72 72 89 89 91 148 75 79 75 
80 146 58 65 150 75 148 70 100 147 61 78 95 112 66 112 82 93 135 108 129 119 36 139 126 189 100 45 105 52 78 72 
136 109 129 144 88 79 110 127 67 28 156 134 101 24 95 136 73 103 111 177 14 115 66 19 74 95 46 113 75 132 46 143 
122 120 157 34 98 52 80 116 111 129 73 120 82 119 182 110 117 78 117 135 72 141 76 107 99 28 129 158 132 44 70 67 
48 53 109 124 30 131 40 97 87 98 111 15 145 99 21 170 88 114 149 96 106 125 80 179 66 101 25 25 107 72 80 147 
130 47 96 53 168 149 185 79 114 188 96 147 118 111 114 94 157 100 80 100 104 82 132 116 150 116 95 169 72 133 74 83 
165 110 79 139 100 114 75 77 65 175 146 46 42 58 98 124 75 137 144 51 142 154 124 142 128 152 171 63 44 18 90 109 
21 121 130 52 71 156 93 164 102 151 115 141 151 110 33 116 60 105 112 47 100 92 94 109 106 101 90 30 98 135 89 93 
72 82 69 87 107 124 51 44 85 80 109 102 64 57 146 91 119 113 60 62 140 121 40 60 121 150 89 172 119 151 99 77 
35 56 47 47 75 69 23 104 88 99 68 145 87 186 82 73 126 23 91 172 107 55 95 155 55 61 127 107 109 48 67 55 
113 167 130 162 92 129 96 69 64 166 157 158 12 45 121 77 136 125 115 102 102 103 123 171 78 145 98 91 138 69 115 51 
98 134 184 25 57 79 57 94 111 104 153 88 131 109 83 91 46 84 102 88 114 65 131 31 170 99 104 36 26 126 109 99 
106 80 114 47 157 107 168 8 167 40 118 123 92 129 119 97 99 85 92 85 131 53 61 112 107 108 15 140 99 111 131 43 
142 73 167 169 39 102 158 107 91 107 57 75 171 77 47 89 100 138 91 129 40 144 148 147 141 184 96 97 91 52 162 112 
49 81 89 111 77 106 134 42 161 10 142 94 146 166 77 91 88 157 141 138 140 60 139 88 25 171 86 91 37 142 133 111 
112 97 130 156 51 25 160 13 84 127 120 138 74 161 38 112 138 77 87 134 142 14 55 131 126 161 115 139 6 95 106 123 
117 95 56 145 97 82 160 101 149 89 101 100 121 134 70 91 57 50 6 137 135 79 56 34 180 59 133 8 148 32 155 59 
86 68 48 29 112 40 159 113 191 40 55 47 110 146 153 53 146 39 88 43 77 153 178 155 184 179 97 135 81 101 110 126 
58 88 49 124 99 104 98 103 87 188 63 161 105 110 66 138 127 179 138 70 63 69 48 88 85 114 43 116 117 111 148 75 
138 81 118 76 94 123 74 161 108 62 117 115 62 26 55 89 79 138 39 28 97 33 16 65 95 89 118 10 27 156 17 118 
57 94 71 95 110 111 63 100 82 34 77 79 135 99 82 31 75 59 137 130 89 25 56 50 171 94 132 98 58 121 124 92 
51 101 27 33 150 95 137 118 85 91 114 85 132 88 116 87 10 126 133 147 155 172 137 157 172 103 123 103 149 159 147 81 
80 80 94 22 18 107 131 142 37 49 41 43 89 120 17 107 148 129 47 128 163 61 127 106 182 147 117 103 94 188 72 112 
33 140 30 48 82 126 45 101 71 12 42 52 120 105 65 151 121 113 28 164 63 60 97 111 73 77 48 143 137 143 32 66 
129 75 90 137 24 103 118 138 102 81 58 74 153 114 79 87 62 190 56 89 171 77 109 190 135 135 73 48 186 172 159 62 
84 153 49 34 172 62 154 139 95 62 82 75 17 179 160 139 114 25 140 108 79 80 73 115 160 108 147 56 122 146 76 113 
96 42 169 34 102 32 108 65 145 21 137 179 155 95 69 63 86 65 85 150 76 157 81 48 44 88 140 89 116 72 93 38 
61 167 72 126 92 174 134 47 184 135 136 135 83 80 188 27 136 88 121 98 92 125 43 149 165 84 65 92 104 90 136 154 
155 56 131 109 114 84 114 26 165 37 51 92 22 165 181 89 162 54 48 75 158 97 166 64 63 165 98 104 119 55 26 49 
80 119 146 92 85 171 110 57 154 117 35 141 107 82 49 114 43 129 104 49 36 57 74 54 91 71 116 86 64 94 75 30 
80 63 48 67 119 25 126 118 74 153 96 81 82 99 165 105 52 44 80 102 102 82 98 114 132 103 63 117 111 92 119 158 
43 92 155 101 83 131 112 134 90 124 72 114 163 117 55 167 32 53 115 43 132 150 26 81 90 22 49 139 88 150 97 176 
34 31 153 63 130 125 139 131 47 118 93 96 158 114 76 48 68 51 153 83 102 116 76 90 169 92 116 137 133 136 90 80 
108 159 91 164 85 137 74 93 115 90 140 117 133 99 91 11 99 54 97 84 109 78 59 95 105 158 37 62 135 99 115 48 
125 94 136 144 121 122 46 171 107 186 46 71 129 108 110 117 148 41 59 108 176 52 119 172 139 158 148 31 163 121 34 82 
86 48 90 109 121 106 35 46 132 65 93 150 59 78 151 165 118 143 42 134 92 12 99 74 54 78 36 175 58 44 115 26 
66 91 132 105 51 76 57 5 171 139 94 112 76 31 75 131 99 117 164 89 91 193 29 81 84 100 139 67 119 174 108 114 
173 154 109 124 139 155 83 85 103 141 76 82 72 20 22 145 62 147 23 151 55 69 171 76 113 129 128 150 163 176 124 67 
107 135 110 75 153 101 166 94 45 133 172 106 21 119 32 105 17 144 49 76 120 43 105 108 81 171 158 129 68 175 117 63 
193 157 91 133 106 101 106 103 76 148 114 32 33 112 68 107 123 149 90 74 45 95 121 76 109 90 69 139 97 50 194 54 
163 96 116 120 108 135 104 120 116 38 166 71 99 62 53 44 46 31 60 155 113 62 29 65 132 105 31 110 86 169 103 104 
95 63 64 94 94 123 134 70 6 92 75 24 68 135 90 68 122 87 42 76 55 118 158 138 54 82 148 146 147 59 157 82 
138 56 108 86 109 77 44 81 85 0 120 106 91 46 51 30 27 59 54 40 117 32 8 125 83 116 53 80 110 114 107 74 
78 94 45 55 152 150 100 88 61 103 144 102 112 23 83 30 103 125 111 139 159 32 22 47 81 84 76 85 179 185 107 82 
112 101 152 100 154 144 176 77 130 150 131 124 31 69 118 58 110 16 49 94 129 98 106 62 144 159 92 133 144 116 122 138 
146 70 92 124 82 84 69 149 118 156 132 86 141 88 59 108 76 127 109 108 91 159 127 94 72 113 43 52 137 156 155 48 
51 86 64 59 118 14 159 34 77 136 79 179 57 129 144 76 70 16 110 167 78 101 64 142 118 130 73 152 118 155 64 20 
83 141 115 118 94 99 57 116 75 124 48 189 67 112 103 159 115 126 102 173 62 117 118 91 61 142 166 155 32 130 68 184 
151 60 38 24 162 37 77 153 158 95 102 93 164 146 185 80 103 97 110 54 129 148 101 117 121 94 107 102 97 169 114 114 
106 184 9 119 55 121 17 84 62 117 118 82 111 56 142 96 107 120 85 108 105 44 77 162 63 120 137 107 40 101 168 118 
100 129 104 85 140 24 166 135 91 133 33 113 40 90 57 143 42 121 161 100 106 102 145 13 110 61 182 98 85 56 87 101 
141 28 30 50 81 77 84 68 77 57 112 145 17 81 104 132 188 123 41 59 38 60 79 24 102 134 123 174 46 95 26 58 
70 107 105 30 111 4 102 127 141 100 174 60 46 12 93 104 113 94 32 92 150 14 97 75 156 81 115 147 79 83 131 118 
131 104 131 115 85 124 186 60 63 142 45 36 59 142 88 38 99 98 156 102 64 39 140 152 163 148 68 115 40 110 108 49 
135 158 45 119 43 72 134 138 90 124 86 84 77 173 83 160 98 107 66 25 105 98 92 57 107 22 163 20 87 90 91 94 
153 157 75 67 37 32 132 68 98 160 114 103 154 88 173 82 118 106 101 103 118 135 132 70 112 102 92 167 52 126 65 74 
95 140 69 102 89 35 82 99 99 71 67 95 101 119 98 104 85 41 107 150 53 18 70 63 88 94 82 95 63 65 162 48 
73 61 126 160 143 136 109 174 105 93 94 93 87 93 185 98 83 93 30 87 135 131 72 174 148 105 183 112 161 185 90 169 
61 167 68 91 67 175 92 121 85 47 122 92 130 112 110 168 128 134 124 168 57 70 142 89 145 95 97 116 141 85 148 172 
34 82 125 72 51 109 89 118 162 103 137 69 104 3 103 162 53 85 106 105 133 184 146 120 76 177 18 88 123 153 89 126 
81 98 53 86 111 32 113 119 80 43 60 136 93 54 124 50 161 25 168 92 116 106 119 65 84 89 116 99 68 94 174 47 
135 79 59 143 148 157 71 108 101 66 102 116 48 121 86 21 136 82 85 92 91 20 97 138 106 100 132 62 35 105 109 54 
62 134 115 39 88 116 155 146 105 91 121 154 113 72 103 10 59 59 119 151 131 71 51 191 153 86 122 88 76 85 34 111 
143 129 96 103 110 58 130 112 160 20 72 105 44 55 75 118 157 90 52 91 27 73 81 72 173 115 145 50 103 138 103 128 
99 125 96 86 91 101 127 76 88 171 99 105 133 142 142 57 126 42 30 76 72 140 73 95 42 127 15 159 81 97 55 135 
52 122 164 166 96 99 64 160 101 47 121 104 146 102 112 70 71 135 54 107 129 133 87 110 96 159 46 125 117 98 148 108 
54 65 95 97 78 130 30 108 123 53 75 108 100 117 105 134 83 108 119 129 98 81 56 101 133 73 150 85 100 43 57 76 
97 92 75 99 96 151 93 128 51 66 168 89 117 92 100 136 58 127 135 138 180 91 18 106 142 123 49 150 113 143 121 87 
87 128 38 73 48 63 41 170 92 154 111 105 164 100 74 120 49 107 80 82 65 110 74 38 57 123 66 169 84 36 104 19 
184 102 58 27 74 85 165 64 170 120 131 117 65 79 79 44 59 132 64 118 88 124 118 63 128 174 140 133 149 81 109 99 
69 144 149 147 134 125 95 134 98 139 162 102 41 90 162 150 120 115 8 78 150 52 122 77 74 66 81 123 109 136 14 85 
85 84 127 88 29 127 137 49 91 72 53 114 91 83 173 138 36 134 136 58 116 54 108 159 96 139 30 154 19 169 145 29 
124 121 155 176 77 107 79 129 97 121 71 79 102 90 66 61 108 146 119 188 64 86 50 66 93 44 122 67 51 78 66 97 
110 126 69 99 173 113 139 129 92 76 107 111 173 70 159 167 151 155 27 183 159 81 101 34 161 104 99 74 30 111 55 71 
101 106 107 131 78 73 52 102 110 62 41 131 82 97 142 131 126 150 78 57 114 169 45 186 104 103 75 126 163 59 170 111 
77 102 66 110 95 79 61 39 87 92 88 96 93 162 140 93 76 126 117 70 126 67 58 59 88 101 156 68 54 113 156 83 
42 78 99 104 115 91 152 113 103 36 73 60 74 122 45 75 109 163 60 56 79 19 135 176 45 166 103 139 72 70 93 67 
121 61 125 57 145 41 119 115 147 148 47 169 47 158 48 103 133 96 87 152 111 161 78 121 35 126 120 120 72 155 150 40 
129 112 175 99 91 62 106 66 126 111 93 96 80 178 143 65 112 74 125 92 64 50 29 180 75 61 155 79 142 132 53 139 
2 112 52 40 101 132 24 178 81 156 152 68 105 91 112 82 87 158 171 136 133 112 169 99 128 95 95 66 123 125 162 47 
40 149 53 77 55 93 96 110 22 65 35 126 16 50 99 137 142 75 97 152 79 148 98 54 106 73 134 36 121 82 50 63 
93 68 46 53 90 104 103 51 163 77 114 169 128 155 170 95 152 9 148 111 49 75 148 93 66 145 50 95 131 124 149 54 
142 127 131 8 109 112 114 96 151 84 118 102 8 35 48 116 124 64 130 113 47 151 182 126 115 5 91 183 62 105 91 103 
61 167 147 76 56 91 146 85 184 130 35 52 90 60 88 115 69 72 151 127 149 159 38 63 41 112 171 126 23 106 79 34 
104 50 59 107 64 115 119 92 198 111 131 140 101 96 124 117 108 89 172 33 65 47 70 73 134 68 125 90 64 68 188 32 
58 76 92 101 96 115 145 127 97 63 68 118 108 104 17 89 123 59 177 94 75 62 31 87 138 141 25 71 107 38 45 133 
92 55 100 140 152 67 115 94 57 53 108 21 41 69 26 161 85 82 106 66 87 174 105 78 49 29 149 17 95 108 115 120 
77 104 128 65 72 22 190 151 127 64 33 90 52 89 110 29 71 99 107 63 103 70 87 113 101 135 40 102 18 69 83 134 
121 162 108 13 90 95 86 80 127 78 28 84 49 122 60 149 80 80 48 107 19 34 155 102 105 21 85 72 136 58 66 102 
112 117 47 147 130 166 38 65 136 70 129 80 64 35 86 165 52 134 92 123 115 106 87 117 95 130 68 28 115 69 100 149 
63 104 167 78 32 52 84 78 97 169 159 77 150 96 105 165 175 157 140 154 152 151 32 6 54 138 112 169 141 99 75 54 
81 97 54 127 138 138 78 157 105 192 124 160 58 89 40 49 170 166 92 84 144 106 54 109 23 66 135 52 138 80 92 150 
142 104 32 118 92 47 114 68 53 73 137 116 92 114 38 135 108 63 156 42 126 71 108 98 101 168 138 88 44 123 101 37 
83 47 60 49 134 79 114 95 18 173 145 155 49 107 118 104 97 42 96 76 80 135 28 73 173 57 28 46 113 56 46 98 
91 39 90 48 129 172 115 106 10 105 100 27 32 88 170 55 94 82 131 113 34 120 128 128 102 25 147 21 125 83 106 54 
119 60 137 181 28 83 84 67 146 48 75 72 49 49 112 129 70 51 86 178 68 16 45 84 96 60 161 66 102 73 49 80 
54 166 111 111 92 121 155 64 55 54 152 130 98 66 160 146 109 136 81 11 98 64 131 124 111 74 80 85 145 172 150 132 
51 129 80 112 151 164 130 138 59 118 144 99 99 119 45 137 84 68 29 122 125 132 34 169 103 152 109 125 44 53 65 128 
177 18 122 29 95 170 107 64 100 123 181 125 172 85 155 15 78 99 79 134 140 114 169 139 90 80 129 19 28 100 157 130 
117 103 148 181 131 130 31 143 129 101 75 132 62 107 117 123 135 28 102 69 76 58 113 41 42 92 78 49 91 142 139 126 
33 78 29 85 105 156 45 110 104 139 88 53 167 84 100 117 107 86 64 39 35 179 115 88 94 179 164 150 100 45 63 118 
101 106 115 60 181 71 59 134 97 69 126 120 98 118 128 103 76 161 142 102 175 71 161 11 40 44 180 112 71 128 86 67 
47 67 23 192 75 185 71 79 90 61 119 71 52 43 33 135 15 126 80 144 136 173 139 35 131 109 130 153 149 82 133 131 
92 88 140 142 100 101 175 80 4 76 128 133 80 85 90 65 93 79 114 177 45 85 103 99 32 96 103 95 105 57 50 102 
125 50 102 64 34 79 48 157 125 110 61 88 123 51 93 18 115 145 28 129 33 75 71 104 154 100 84 73 96 48 157 20 
58 143 102 118 112 91 30 64 123 64 95 82 146 189 96 82 80 116 156 150 139 44 128 90 61 46 48 142 33 71 128 106 
130 124 122 79 71 37 48 62 53 148 94 123 81 90 57 120 105 93 10 42 37 38 118 95 113 58 73 32 124 110 130 126 

