Data rulare: Sat Oct 06 23:34:07 EEST 2018
Matrice generata: 
Numar de coloane: 100
Numar de randuri: 100
24 44 50 70 87 82 95 7 41 22 93 56 47 38 11 23 53 71 92 28 64 27 85 97 31 20 65 11 73 49 20 11 97 28 70 74 36 80 57 2 1 2 1 55 62 80 45 91 48 81 79 91 45 32 26 10 1 0 40 59 93 61 98 43 18 65 24 44 15 38 13 58 14 63 84 65 68 82 55 80 1 30 9 57 34 31 83 77 7 64 60 71 77 39 29 21 56 12 76 60 
99 91 21 78 29 87 79 29 4 18 13 46 17 75 48 55 74 40 97 6 56 48 13 20 82 96 18 11 7 31 34 73 92 24 58 73 90 93 36 67 34 82 62 96 64 83 62 12 70 78 68 73 37 29 11 77 23 36 28 68 79 56 22 15 59 49 23 61 20 97 80 0 79 6 62 48 61 5 21 29 33 74 83 98 46 54 26 99 48 58 32 95 92 10 84 43 63 33 69 44 
32 16 83 91 54 99 90 40 58 7 35 73 35 23 55 85 39 58 54 61 49 84 9 29 45 53 80 56 88 41 27 87 99 64 9 5 27 41 74 49 81 88 58 4 48 19 59 46 24 31 20 55 51 19 52 19 51 45 82 7 35 32 31 42 10 59 82 13 42 28 5 44 79 25 28 47 53 7 31 20 4 33 34 6 57 26 92 91 94 58 42 67 70 59 25 17 4 4 23 68 
48 59 59 55 88 92 23 93 96 62 20 17 92 74 85 13 28 79 82 54 6 29 12 0 79 26 86 80 28 82 58 84 24 99 66 91 79 59 2 10 80 6 82 79 16 63 61 72 50 82 38 0 6 44 48 43 10 48 45 27 53 96 96 88 62 35 19 0 42 72 68 31 66 84 48 59 71 5 51 60 5 93 99 21 19 25 6 71 57 23 47 78 0 95 77 65 59 77 89 34 
51 1 71 92 12 27 87 90 55 7 81 53 16 70 85 45 45 99 19 48 14 48 76 69 57 52 94 21 90 66 93 24 3 73 6 4 81 92 74 66 78 45 32 98 44 45 85 79 32 6 33 7 92 10 79 51 83 96 25 16 23 61 2 48 45 33 33 79 37 87 14 0 37 91 9 35 67 40 39 25 16 7 53 88 72 55 37 26 4 69 52 41 90 80 94 41 83 79 75 81 
93 76 23 4 48 49 46 68 67 13 86 2 84 8 56 94 68 96 73 16 54 61 89 12 56 92 25 26 19 25 42 83 16 94 7 57 46 96 61 22 36 88 31 69 73 15 28 33 14 44 99 2 62 55 30 86 56 96 80 33 70 93 81 13 42 5 9 13 93 34 28 69 28 50 65 47 91 34 90 26 38 68 73 37 12 3 21 10 66 29 22 16 76 81 4 74 3 39 43 75 
99 5 37 23 29 67 41 21 18 43 75 68 74 52 16 11 71 74 12 12 43 75 12 36 68 16 43 90 64 30 1 66 61 4 82 19 66 39 34 61 21 37 29 35 92 7 62 65 0 50 1 29 5 41 46 25 0 14 78 9 64 54 0 24 54 67 1 98 64 61 77 76 81 77 14 4 55 86 67 35 27 93 38 8 82 37 15 23 82 51 53 69 75 49 96 83 4 98 21 86 
94 38 45 10 2 9 92 22 36 65 27 60 72 18 10 6 98 92 3 42 11 72 48 99 10 85 88 85 45 22 5 23 99 82 19 63 28 95 97 86 77 19 24 78 59 1 80 18 79 93 91 54 35 60 51 57 7 71 1 20 70 85 31 32 90 68 34 19 35 69 63 63 92 9 49 52 91 10 26 45 43 74 91 15 29 66 46 18 49 18 42 57 19 77 94 9 84 9 75 89 
34 45 64 85 77 71 16 13 22 33 51 38 61 35 62 40 86 80 17 51 69 75 91 56 48 93 2 18 47 36 89 31 62 94 19 25 50 72 61 87 73 74 75 41 14 10 33 47 54 97 53 35 41 29 26 45 96 21 94 44 14 22 5 99 11 92 63 42 65 97 13 64 7 62 93 59 97 49 67 70 73 66 8 62 56 86 12 60 28 81 56 75 2 79 23 7 61 28 90 81 
37 26 64 65 99 32 47 15 86 8 85 7 99 1 47 49 26 92 0 36 80 73 51 94 17 67 2 97 99 24 91 17 54 78 77 11 60 92 76 90 61 73 70 92 43 32 22 23 79 63 11 55 76 34 55 25 1 37 18 78 87 30 70 59 1 2 40 68 51 46 28 7 67 54 99 86 2 85 70 57 48 93 56 7 95 58 48 5 78 46 81 82 75 69 26 62 53 86 62 9 
68 86 59 82 91 35 83 65 24 18 81 90 12 7 72 54 66 67 14 33 58 5 16 61 96 16 93 34 54 93 67 6 95 76 81 36 41 14 55 93 41 70 12 3 68 68 6 94 17 0 57 85 91 27 93 91 73 78 46 8 5 52 50 18 95 81 50 16 25 0 55 26 97 53 8 71 38 14 12 0 84 97 65 10 96 84 40 84 56 36 69 3 81 46 40 83 25 87 58 27 
32 80 6 36 51 96 55 66 8 94 38 5 91 62 86 39 29 3 92 64 11 67 94 55 62 60 68 44 53 36 61 12 25 60 60 59 68 97 22 49 65 56 97 35 85 64 60 29 71 17 22 23 95 28 97 93 4 38 67 72 91 19 63 27 72 89 18 82 76 26 66 3 90 51 41 71 87 13 15 67 57 70 17 12 35 30 14 76 4 88 92 41 59 24 84 33 98 23 20 87 
26 82 13 52 66 68 61 52 61 83 59 58 3 54 30 69 45 72 13 17 68 1 24 41 16 64 32 77 78 29 57 36 68 41 29 45 49 82 17 44 35 1 52 77 22 20 84 0 31 48 94 91 27 18 54 85 75 57 68 20 40 24 69 71 4 27 52 90 99 6 98 50 41 91 50 48 68 16 32 78 54 42 85 15 86 62 11 13 84 17 18 41 12 51 49 2 47 68 64 73 
5 88 52 6 14 33 54 52 99 92 98 0 30 80 22 52 95 15 70 45 99 7 23 80 87 84 41 14 33 60 32 41 85 52 10 55 19 71 70 92 99 38 0 60 15 52 77 14 93 54 84 69 99 34 99 54 24 40 36 95 37 88 75 39 50 17 93 2 12 86 59 0 14 86 17 39 4 96 10 74 8 2 13 33 26 97 75 86 23 6 67 49 1 95 67 77 57 40 20 52 
89 29 90 97 62 6 91 9 51 98 34 15 13 73 96 25 42 5 93 37 33 12 65 36 55 5 3 59 92 16 36 27 33 55 29 95 50 96 94 33 50 49 31 10 15 72 65 53 15 47 90 98 20 95 87 72 24 42 7 75 46 2 88 32 89 82 21 57 75 24 79 65 57 37 10 74 46 66 97 64 95 32 39 49 3 46 72 76 55 66 94 20 67 10 1 75 33 86 3 87 
52 88 58 16 50 78 0 3 10 36 24 68 76 98 62 79 67 43 69 34 78 49 46 59 64 11 62 44 17 73 29 93 61 82 66 77 31 89 27 46 12 66 5 39 88 71 77 99 98 15 94 28 7 12 74 90 8 26 16 55 17 4 21 24 58 66 80 82 37 0 48 34 39 3 77 82 8 86 98 46 23 65 97 12 55 97 82 93 71 3 63 80 56 28 49 72 96 86 39 81 
28 53 40 16 99 52 71 81 95 3 15 63 82 99 73 52 10 22 50 58 41 98 90 66 79 24 51 3 73 79 92 51 28 51 29 3 97 61 32 89 12 75 42 19 35 66 72 33 3 62 94 92 79 42 53 83 94 95 29 64 84 60 42 88 8 78 4 55 0 14 79 24 98 44 85 17 91 73 54 71 96 89 6 12 8 59 13 41 81 96 37 52 94 55 14 93 66 90 18 41 
68 30 13 7 6 64 86 77 17 93 60 10 71 28 14 44 84 67 66 70 99 28 86 21 77 53 23 92 36 4 78 24 69 25 1 85 64 82 27 80 21 10 54 86 25 89 26 52 60 28 51 40 77 92 51 99 80 82 58 97 22 70 87 33 0 65 24 16 64 2 63 53 80 83 35 87 69 86 98 3 66 42 32 12 47 49 54 81 27 9 30 22 90 6 11 63 92 92 49 75 
33 68 73 36 69 37 88 57 49 74 74 97 49 31 74 70 57 37 18 99 71 19 24 42 26 75 84 95 21 86 61 29 8 12 35 2 44 44 40 12 91 64 10 67 74 17 33 34 83 10 74 9 34 55 71 96 36 65 16 11 72 57 15 44 21 82 60 87 42 23 60 95 44 79 78 28 83 48 32 60 4 11 88 12 39 6 24 82 34 0 82 22 87 63 56 34 16 35 12 73 
1 63 55 0 96 60 26 12 59 6 20 16 61 28 71 28 23 92 51 82 72 88 97 81 65 64 4 16 32 50 35 99 79 96 74 69 55 84 47 16 58 73 4 50 50 50 35 12 12 97 23 34 76 74 31 86 67 5 14 98 35 23 65 62 32 81 48 27 52 32 39 99 96 73 73 69 91 75 12 36 61 4 45 24 16 52 79 45 51 34 90 73 83 70 89 92 34 7 90 78 
32 98 27 30 90 27 86 39 67 33 18 93 10 38 64 1 17 64 93 73 24 87 30 39 73 11 13 88 11 62 43 34 7 20 84 64 75 35 0 62 8 27 9 66 59 86 12 41 79 41 72 34 78 15 27 92 48 70 52 3 74 41 64 27 65 93 40 10 56 5 83 4 4 8 41 91 1 89 94 32 70 71 46 45 73 99 51 42 94 96 78 96 0 49 72 81 45 58 76 62 
51 28 86 27 75 95 2 21 79 19 54 18 33 75 78 9 78 27 82 28 5 7 31 52 80 86 32 24 49 61 73 83 10 1 21 28 43 53 40 75 54 19 27 67 25 11 20 46 40 10 19 74 18 65 83 94 58 63 52 72 31 59 9 31 20 28 97 51 94 91 99 58 92 75 38 86 50 73 64 77 75 85 15 11 45 93 94 26 74 69 15 84 76 29 74 66 6 80 54 28 
66 66 75 49 63 0 70 69 48 27 62 10 84 91 9 64 93 7 29 73 77 15 61 50 51 22 62 64 91 42 7 11 81 80 64 13 14 69 88 34 6 47 10 35 78 25 46 6 8 24 38 82 5 15 83 0 94 38 35 10 27 93 48 72 75 63 34 1 94 36 27 3 38 64 44 71 93 39 45 91 88 26 78 38 68 3 1 92 79 77 27 43 22 6 42 50 46 82 41 41 
54 29 36 66 34 50 52 19 62 1 55 44 70 75 29 44 86 99 94 24 67 31 60 28 85 57 85 75 52 98 10 42 66 18 99 84 35 90 62 57 23 98 64 93 17 61 3 45 66 40 39 69 90 73 96 36 82 58 20 21 46 37 75 75 54 93 87 85 8 90 59 65 86 27 23 90 35 14 61 83 60 22 75 3 3 13 13 8 40 56 0 94 48 64 21 81 83 95 8 89 
63 44 65 21 79 91 4 31 18 85 97 49 88 65 51 26 95 49 6 59 20 52 64 52 98 36 45 42 76 87 35 84 22 55 89 39 8 55 60 68 11 15 12 48 62 8 30 98 47 12 19 21 52 89 13 4 7 16 61 33 41 42 27 22 66 43 79 63 15 19 3 72 62 50 39 78 63 64 37 15 96 86 99 43 27 52 86 2 40 16 74 44 14 99 70 39 47 48 51 72 
15 7 12 89 79 48 40 63 14 88 7 92 77 3 32 12 89 49 4 51 41 76 5 23 20 8 25 58 16 54 14 34 49 74 47 77 85 51 37 2 76 97 37 99 37 19 1 81 99 87 58 60 34 12 32 98 50 39 54 41 87 90 38 62 71 0 81 10 29 69 0 27 63 23 26 31 83 11 70 25 4 99 5 24 79 81 29 14 40 16 77 78 86 70 4 79 43 7 54 62 
87 57 67 23 9 45 71 59 72 10 3 8 20 57 25 82 47 29 66 51 99 33 61 59 58 84 53 34 69 17 93 86 23 83 68 1 90 76 67 52 76 55 96 23 11 24 12 70 59 82 85 48 10 80 23 38 66 59 51 78 79 23 47 50 36 0 89 85 24 12 87 74 14 76 8 81 94 13 9 95 75 15 40 33 37 61 30 88 24 87 80 24 55 16 95 98 92 58 92 72 
29 45 35 10 96 61 37 39 44 28 46 43 11 0 5 82 12 73 19 37 82 16 82 98 72 65 10 26 45 71 15 30 68 90 70 10 16 40 54 32 65 97 87 24 10 5 79 48 72 68 21 1 97 99 75 55 7 10 7 86 80 18 32 21 57 67 61 27 55 54 91 73 6 11 86 47 73 3 97 15 80 34 9 52 21 82 17 72 70 38 39 50 40 95 45 79 29 2 59 8 
36 44 21 16 9 38 76 25 20 84 29 18 40 94 98 66 97 67 66 95 75 6 81 50 67 74 89 60 87 81 44 83 1 33 6 8 49 48 7 60 39 42 74 49 53 53 53 31 27 33 64 76 2 70 62 37 23 91 12 75 79 81 93 11 64 65 27 58 39 19 83 21 14 96 43 76 62 90 14 66 25 88 69 26 53 65 34 9 33 46 17 16 17 45 34 11 6 88 32 92 
49 39 51 96 12 98 26 37 39 99 80 57 64 64 88 69 30 8 32 52 16 84 42 24 94 86 54 29 95 2 73 6 74 5 16 72 82 24 18 1 60 81 63 50 12 45 16 54 24 18 36 71 14 32 86 14 65 84 46 51 43 3 14 83 22 9 29 59 20 42 19 70 82 91 32 18 68 52 55 56 87 57 15 62 85 34 81 23 79 14 21 30 85 28 60 55 9 27 59 88 
86 85 77 31 88 71 91 82 49 91 88 7 68 91 65 81 78 30 11 14 46 25 8 63 98 48 21 43 8 34 53 86 95 67 48 49 50 42 3 96 51 72 19 56 66 96 49 56 77 68 24 79 52 84 55 44 54 39 2 90 66 35 8 7 29 86 4 71 17 3 80 53 18 94 24 42 33 94 16 3 70 92 40 79 16 77 64 66 33 9 64 56 72 70 40 61 74 13 61 57 
43 55 91 49 14 81 27 82 58 50 21 18 56 43 7 5 59 82 70 17 10 34 69 74 40 66 19 5 19 92 55 88 58 58 68 12 58 57 27 43 60 35 84 41 57 83 5 94 79 39 99 28 15 94 94 20 56 44 56 95 83 71 34 40 90 48 82 37 40 11 50 90 75 75 95 79 19 98 82 13 22 58 43 37 86 2 84 12 19 7 29 87 72 3 2 83 10 96 78 6 
97 41 3 10 87 31 51 10 90 3 50 94 16 48 39 23 48 4 61 68 14 73 90 61 28 46 71 59 81 74 19 38 72 69 58 75 69 7 59 8 60 94 21 38 35 4 19 29 28 62 87 76 16 51 12 73 28 42 29 72 50 60 50 36 16 2 35 34 95 86 40 23 91 8 91 16 9 20 90 1 40 55 24 39 33 20 87 99 3 78 56 57 58 60 2 77 84 20 14 58 
80 13 33 97 60 91 64 57 85 81 84 1 66 23 2 33 45 34 38 63 3 74 52 74 75 55 92 70 45 87 47 59 41 83 80 35 83 17 77 56 92 19 91 62 7 22 83 83 93 86 30 28 50 26 74 24 52 68 92 29 91 55 43 50 24 81 49 21 20 8 12 37 12 13 48 0 23 65 81 0 95 7 98 48 73 58 80 74 61 24 1 15 50 9 60 99 68 91 77 11 
91 22 70 37 55 28 73 11 53 90 75 97 14 3 59 73 48 75 87 89 51 3 35 76 29 48 31 9 17 93 19 45 79 30 27 31 81 39 98 95 10 11 40 53 83 55 92 9 43 40 19 35 17 0 79 20 13 7 72 40 28 82 68 91 57 49 36 96 76 35 54 4 66 27 18 60 92 86 78 50 89 36 37 19 79 88 93 31 2 40 35 36 40 26 96 24 81 1 23 47 
94 84 2 14 13 34 88 39 36 42 80 93 11 81 7 31 33 67 80 16 88 99 1 6 9 3 58 78 70 96 50 28 86 90 61 25 63 48 46 45 71 56 91 78 57 30 95 79 20 68 32 13 87 42 56 10 35 63 71 63 54 84 83 20 40 44 88 36 11 62 32 79 82 59 82 85 15 76 43 35 7 20 6 45 54 14 25 47 83 27 94 97 51 27 99 95 29 55 55 5 
11 74 17 76 0 28 98 30 17 17 85 56 79 94 42 59 50 32 61 1 52 14 99 62 62 48 11 55 48 18 25 14 93 2 27 48 1 39 26 68 74 67 43 34 10 64 19 24 99 27 10 44 6 1 91 87 2 87 42 98 65 34 22 32 2 21 29 60 37 95 43 17 67 49 7 0 34 4 42 73 85 71 41 29 66 56 42 40 53 1 99 32 89 79 67 92 85 75 67 99 
49 77 53 68 48 14 43 34 98 98 70 44 51 60 79 4 47 14 19 41 29 60 52 60 47 64 84 96 39 24 53 86 24 45 39 76 61 72 41 12 19 39 24 46 42 54 10 16 93 24 95 2 87 90 87 14 19 78 28 45 13 8 99 76 26 30 53 83 17 55 43 3 51 31 87 23 30 93 0 81 60 78 10 31 55 14 22 67 37 61 3 55 5 8 65 13 20 25 40 71 
38 69 99 19 48 90 40 99 51 26 31 0 89 27 62 4 69 76 8 78 58 32 34 30 47 2 43 2 72 6 36 57 10 40 68 7 54 99 74 18 13 47 41 84 35 68 66 61 68 36 36 83 25 80 73 77 57 36 65 2 1 72 44 5 53 74 90 91 79 51 62 19 27 14 93 77 42 73 20 25 33 42 76 59 98 17 75 94 29 45 83 82 28 88 97 83 53 69 48 64 
5 1 80 52 2 6 86 92 55 29 96 30 72 2 31 26 69 42 5 27 16 13 30 37 67 66 42 99 48 40 56 25 15 75 3 79 58 76 14 88 40 41 51 74 65 5 5 42 59 20 98 58 62 56 12 48 37 1 68 9 39 55 97 66 89 98 11 14 15 38 52 22 56 33 45 98 48 38 58 82 79 71 79 21 6 43 62 66 66 78 90 28 58 31 67 52 76 65 97 55 
93 49 87 81 48 48 93 26 60 97 17 87 29 14 11 42 90 76 92 3 82 5 93 6 93 78 26 58 7 66 89 47 87 34 93 29 70 71 7 78 26 2 16 19 86 90 63 51 8 17 55 56 78 97 32 82 40 66 22 93 98 54 42 54 6 32 73 71 85 46 44 54 10 45 94 46 93 79 62 25 29 77 85 84 77 47 72 47 54 33 43 80 58 20 32 28 82 11 35 95 
13 40 32 34 36 42 87 42 2 40 97 60 17 96 27 59 64 55 4 10 68 85 69 31 18 61 60 73 2 95 51 87 38 46 90 54 51 38 63 14 33 6 75 4 19 38 78 78 21 72 49 64 82 54 84 71 58 1 82 37 60 16 5 46 45 43 55 90 96 91 94 59 67 97 73 89 84 23 64 44 22 27 83 19 43 66 92 56 90 8 69 0 62 50 45 1 69 9 82 29 
15 19 52 71 7 44 91 66 73 28 38 18 54 51 37 92 17 82 1 92 51 17 22 98 77 62 98 82 82 57 92 49 84 41 61 18 81 64 0 33 91 79 17 83 66 89 51 47 46 23 99 53 16 93 56 34 77 83 6 96 37 94 80 60 7 93 78 6 10 21 88 28 61 2 23 68 57 17 78 0 95 75 10 99 85 55 24 86 25 13 20 8 41 70 83 88 59 80 97 98 
73 18 64 9 13 20 30 56 3 87 38 22 80 36 30 25 70 32 33 28 6 92 9 77 94 58 20 7 29 28 15 83 74 28 96 42 29 61 57 43 64 22 90 15 92 45 55 91 64 0 88 89 49 28 39 40 69 61 60 2 57 83 32 75 61 70 59 36 87 62 11 22 81 11 99 26 4 87 26 10 58 66 85 30 47 53 7 60 28 93 82 97 83 47 52 46 11 9 30 91 
15 77 54 72 92 89 64 78 68 40 81 17 49 71 15 89 19 32 97 17 9 11 31 60 34 22 24 91 51 49 28 80 23 40 80 90 60 5 37 65 44 5 9 65 75 71 90 39 15 79 1 16 32 2 71 67 71 3 94 50 41 66 2 37 37 73 87 99 46 51 24 37 28 63 22 85 18 73 23 0 17 80 43 28 19 72 13 38 82 43 71 31 62 75 19 58 14 14 70 19 
68 63 54 11 3 29 29 25 73 34 62 83 35 66 80 18 68 98 13 8 23 44 88 99 53 29 60 37 34 74 33 7 93 32 50 79 43 23 8 54 13 90 50 22 37 61 62 41 50 35 84 95 14 80 95 30 54 67 96 13 77 14 91 62 1 99 98 65 94 37 65 55 56 48 83 0 97 10 58 21 26 68 70 49 74 17 61 59 5 86 80 9 30 16 98 1 61 47 22 9 
92 83 14 16 64 73 38 56 53 83 88 67 43 37 2 76 84 25 75 18 83 6 75 35 71 9 25 91 8 85 35 99 31 22 1 78 81 17 63 88 87 50 85 46 1 97 53 22 60 51 63 48 23 27 42 81 50 10 12 12 38 25 8 47 53 32 48 13 61 11 13 34 32 97 7 15 84 54 78 28 10 67 51 52 53 8 65 65 75 34 99 73 7 46 30 1 87 99 49 64 
54 56 65 59 43 50 20 9 20 93 58 62 74 42 74 90 18 97 79 29 64 93 70 53 40 69 89 28 69 62 78 39 55 39 42 55 83 64 42 20 22 69 20 60 19 74 3 95 32 52 60 42 83 31 49 57 56 58 44 2 7 13 49 74 21 90 81 63 75 68 59 97 69 96 17 54 90 9 76 39 5 23 85 52 73 60 40 88 91 64 19 85 68 12 44 86 3 90 89 93 
44 48 89 31 54 54 84 44 39 70 7 16 49 47 22 79 46 53 87 34 42 28 27 34 82 12 77 27 97 78 31 73 2 10 34 19 67 37 2 14 41 57 98 88 58 27 42 79 22 84 50 24 59 10 24 65 95 75 7 28 3 12 6 57 12 8 68 60 70 67 38 51 74 78 96 39 26 28 49 87 45 35 33 97 69 21 53 98 51 83 6 65 61 21 15 36 80 24 69 58 
83 4 97 49 72 49 97 76 40 38 1 81 74 81 60 2 69 46 95 45 72 63 33 31 48 65 50 77 0 29 39 46 4 38 90 18 64 42 48 71 45 40 23 28 70 54 51 30 25 57 29 26 4 7 38 53 27 79 90 70 29 39 4 44 39 87 30 68 82 2 83 29 40 39 85 47 41 94 15 13 52 25 0 69 93 31 32 63 47 0 7 85 30 23 75 82 59 7 29 69 
45 32 65 89 61 71 59 11 2 50 10 36 6 67 19 34 92 59 11 14 62 95 42 48 29 71 20 78 84 15 74 74 15 88 26 80 32 87 45 13 31 48 57 67 43 99 59 33 12 36 51 37 58 37 31 77 40 85 54 56 83 91 21 7 30 30 90 29 46 48 21 15 30 98 96 0 92 12 63 65 12 40 88 53 19 38 93 29 72 91 43 43 43 27 0 84 19 94 53 92 
78 38 30 22 8 7 0 25 64 71 36 7 19 21 38 89 71 21 92 20 37 39 14 91 20 78 36 97 37 36 3 42 76 12 10 74 1 99 95 2 4 67 25 60 46 14 85 21 40 4 46 98 87 60 47 85 3 85 99 14 14 1 36 54 72 99 33 31 12 86 66 6 22 62 75 94 37 99 73 46 21 64 48 87 73 47 10 68 11 84 13 99 52 63 24 77 91 74 92 65 
54 85 34 97 56 18 54 74 15 96 54 12 70 80 60 87 12 26 75 12 40 22 25 63 80 76 59 30 56 79 74 87 95 50 25 36 81 31 76 68 94 78 48 37 8 38 58 93 36 83 42 2 66 60 12 20 90 15 25 1 15 20 60 63 15 39 89 2 34 10 92 28 52 79 67 47 30 75 37 83 97 64 75 2 82 77 77 72 93 20 82 19 49 9 78 68 66 55 20 80 
94 23 64 66 82 97 75 26 64 34 34 3 99 27 50 70 94 34 1 13 15 72 66 7 49 95 3 17 91 65 44 61 77 30 65 50 24 47 84 53 47 4 9 27 49 71 87 65 5 59 15 93 94 85 81 90 35 22 24 23 0 52 79 17 35 10 70 0 1 89 38 52 61 33 32 37 76 65 10 72 0 0 88 69 83 73 80 63 47 78 28 75 95 85 31 93 21 80 15 91 
27 7 66 24 8 52 94 46 12 71 63 29 81 28 84 61 93 94 45 66 14 42 55 47 12 21 7 0 9 7 90 69 56 45 82 88 60 94 65 10 56 94 50 43 91 12 34 81 46 42 73 36 95 47 3 28 13 89 14 90 70 20 16 60 36 4 55 13 71 23 73 77 90 31 75 87 42 19 86 93 72 92 32 32 18 96 61 42 36 96 30 52 17 3 91 5 17 47 33 6 
71 46 39 19 84 5 22 24 39 58 1 21 60 45 47 27 68 67 16 69 2 6 98 98 4 88 35 45 34 17 73 31 92 84 19 24 95 0 12 3 1 97 91 44 6 43 44 44 87 33 41 20 79 15 9 3 82 94 88 2 90 4 69 57 48 97 28 92 63 16 55 99 72 0 3 12 66 76 72 15 22 97 39 61 43 75 97 71 23 1 64 37 74 39 19 59 53 44 90 54 
99 89 8 72 44 66 89 15 99 86 56 5 66 97 79 91 69 30 69 58 96 35 74 42 58 67 61 17 70 58 86 4 13 28 40 3 62 87 70 43 26 7 86 70 81 98 48 65 50 93 9 33 48 10 68 73 37 62 0 68 67 59 36 88 51 3 13 67 85 89 6 42 23 74 72 12 90 75 28 28 42 30 69 16 15 59 78 93 68 82 65 40 49 22 7 12 2 28 48 81 
37 42 28 17 26 43 84 65 1 97 83 37 5 11 65 26 65 73 29 76 76 77 3 12 91 48 72 10 17 74 14 76 67 27 97 80 30 55 80 57 14 8 6 94 11 75 21 11 31 97 24 16 58 81 1 28 1 68 42 35 74 77 21 60 42 55 80 35 37 92 47 19 94 43 37 28 43 6 77 23 16 23 28 39 85 85 93 20 43 24 2 43 67 81 3 54 98 87 86 18 
17 80 68 79 36 48 59 79 18 93 33 39 0 14 5 87 20 30 1 57 74 14 3 66 9 35 38 97 27 23 22 21 94 98 9 34 1 44 72 19 56 58 57 7 20 87 66 30 34 18 15 63 97 26 26 76 24 9 92 2 82 30 25 80 14 62 69 11 83 94 29 48 1 87 41 54 82 22 16 26 76 15 34 73 36 37 2 33 76 21 35 68 94 89 46 78 83 36 7 15 
48 80 58 26 60 42 53 72 77 22 10 96 50 75 21 79 72 83 88 21 48 86 9 92 75 44 66 25 79 56 97 56 15 90 46 56 99 9 49 50 46 28 60 96 3 72 66 46 91 64 68 75 65 20 13 89 42 98 25 47 96 26 34 77 97 30 10 20 24 23 33 55 75 0 0 2 85 29 92 1 4 15 97 9 55 75 66 63 45 80 2 70 50 95 22 44 40 74 73 20 
0 53 17 83 83 73 3 6 66 70 55 88 84 9 23 93 18 63 10 86 51 58 97 80 35 94 40 89 71 6 88 14 2 85 41 31 18 24 12 63 67 28 91 16 61 21 59 24 17 29 52 80 1 3 47 6 69 99 70 40 43 48 62 8 36 81 82 34 84 13 56 91 55 97 0 40 42 40 73 39 34 7 0 94 49 76 76 72 49 14 35 18 85 62 20 91 52 99 22 65 
50 39 94 44 96 71 58 21 35 70 28 84 59 15 73 2 70 96 7 62 63 79 31 87 18 60 81 87 83 57 70 55 39 71 52 28 72 60 56 2 56 47 0 36 24 44 81 91 20 45 52 16 23 46 6 81 97 88 22 84 28 70 39 29 16 80 10 81 20 98 40 99 86 94 99 31 39 90 7 62 59 40 1 34 40 24 84 27 83 47 99 42 93 6 99 6 35 8 5 0 
72 68 57 45 0 75 38 13 50 9 7 78 0 52 91 60 16 99 33 78 7 4 50 69 84 86 75 22 6 96 84 50 8 87 16 8 11 60 92 97 23 46 29 16 18 43 41 77 1 29 73 16 81 89 30 89 70 44 60 66 16 35 64 93 79 97 99 82 33 23 90 37 92 7 45 39 53 90 0 31 39 1 0 61 81 83 1 69 91 86 40 77 46 75 37 10 90 12 91 69 
56 1 31 24 73 70 91 43 10 93 23 8 44 11 74 83 64 30 3 75 75 91 85 67 23 13 46 9 1 38 48 97 91 97 64 73 12 98 31 93 48 95 95 17 74 28 32 41 92 57 70 21 57 39 25 53 11 53 99 1 20 25 54 97 19 92 28 49 67 11 73 24 43 13 47 83 66 62 24 8 80 57 71 68 22 66 78 15 26 54 10 68 82 56 49 29 23 90 36 41 
63 49 9 36 8 74 65 24 16 59 19 90 57 77 40 69 30 84 43 3 45 49 64 65 85 27 49 2 79 22 3 51 4 61 27 10 41 91 33 5 0 77 25 67 29 39 57 26 17 62 35 44 87 25 19 91 79 51 51 91 51 57 51 0 14 49 7 58 8 24 40 30 69 70 34 22 47 88 73 40 35 34 20 11 52 67 39 11 81 38 53 97 24 47 48 4 92 47 17 34 
33 13 1 91 17 49 99 71 23 43 97 67 75 90 57 26 64 35 95 2 42 38 88 27 85 23 3 39 83 82 50 65 58 41 45 59 70 67 46 58 9 18 56 15 58 41 45 69 28 88 16 70 76 86 65 33 70 62 60 57 35 90 36 4 93 0 24 12 5 18 9 49 66 46 47 59 28 63 6 94 99 11 45 16 21 98 98 48 47 24 26 77 92 11 60 21 69 48 37 69 
49 16 38 45 1 22 77 37 53 72 43 91 49 8 51 76 82 46 25 67 89 8 85 69 50 77 6 76 27 39 77 9 92 83 54 56 91 60 67 20 80 16 24 76 59 19 98 50 67 70 60 22 79 47 43 80 28 36 55 99 14 42 35 98 36 81 62 41 82 49 44 3 54 8 49 80 56 3 8 50 3 19 20 78 21 13 73 45 23 85 93 89 66 36 71 34 54 33 0 81 
64 36 41 32 27 23 25 88 28 0 0 92 12 31 42 35 84 5 77 37 63 7 6 39 15 42 30 26 49 43 34 55 77 63 86 97 3 88 2 50 75 36 12 63 40 88 76 72 31 56 3 57 48 34 64 3 89 68 28 78 11 28 98 35 47 63 90 7 98 81 43 53 42 73 36 33 48 17 24 49 98 78 30 55 97 82 76 77 81 61 96 98 66 14 46 70 44 83 49 46 
47 78 56 70 40 60 17 28 47 18 45 54 21 2 11 8 20 83 79 68 90 14 75 34 47 15 13 20 27 92 72 38 87 9 89 15 49 8 43 58 91 71 54 93 73 81 21 56 55 41 3 36 29 31 24 62 42 22 58 95 8 34 71 55 26 3 90 24 66 86 93 57 82 89 57 19 85 34 33 67 82 9 38 77 68 83 60 66 55 79 39 14 52 8 53 89 80 9 75 84 
14 78 51 70 61 42 57 42 17 86 35 49 51 18 95 20 29 99 47 13 57 6 27 66 54 51 51 16 56 86 36 15 13 67 11 65 76 76 53 97 50 17 69 25 12 32 33 61 32 75 20 29 13 23 17 93 38 31 4 11 64 34 6 69 63 78 38 34 94 58 67 89 99 99 86 49 7 67 6 83 67 78 63 56 15 22 55 22 44 11 96 16 46 45 79 4 81 47 50 9 
1 56 54 17 32 99 96 91 29 63 69 82 4 17 61 72 11 68 80 6 81 16 37 61 62 79 72 5 54 49 83 38 91 54 6 53 65 58 47 29 49 40 1 51 54 12 25 31 1 20 76 92 76 66 80 36 38 20 5 98 42 9 72 65 33 8 11 82 15 95 0 69 62 54 0 77 61 18 65 82 56 85 79 73 30 76 20 3 92 17 62 10 5 62 42 61 94 67 37 11 
73 43 83 12 99 26 61 64 18 60 50 97 65 22 13 80 25 99 50 75 14 93 24 54 72 2 41 84 80 45 55 1 39 86 79 98 81 79 72 45 4 22 30 64 12 80 74 61 35 11 1 92 6 75 37 29 34 75 39 8 77 80 83 87 82 52 57 47 44 49 64 72 91 35 73 27 61 12 78 85 87 75 59 82 60 29 94 91 44 21 27 7 26 51 76 97 48 52 36 39 
87 52 83 71 72 84 62 6 91 3 21 39 38 0 40 97 26 91 64 33 64 45 15 51 87 58 90 16 60 23 36 26 52 28 68 0 18 56 82 24 39 59 23 64 86 26 61 37 46 39 69 31 44 3 3 93 36 21 93 4 99 56 63 40 85 82 51 15 97 57 44 79 69 50 84 67 1 56 10 22 77 3 19 19 87 55 84 93 8 13 78 55 95 44 78 33 67 8 24 75 
77 20 57 98 73 27 60 72 99 79 10 23 7 81 96 20 94 32 70 55 68 28 55 12 34 11 64 8 18 68 51 76 87 88 40 96 43 10 63 64 74 50 1 94 28 3 42 43 96 95 12 79 32 96 77 16 83 4 10 43 53 41 24 63 61 27 22 86 70 56 81 2 80 11 84 89 59 52 91 54 77 63 82 57 60 52 44 25 75 24 51 40 86 31 51 63 54 78 98 69 
19 79 70 87 80 36 3 62 49 36 65 52 69 22 53 88 99 68 52 6 16 63 81 36 15 94 96 69 71 73 57 71 26 65 58 46 19 65 1 75 6 19 62 78 45 45 93 90 63 52 49 44 13 44 56 24 13 34 83 72 74 55 74 41 15 36 34 67 31 91 82 57 98 34 0 27 84 23 1 26 90 96 68 38 42 44 81 34 7 8 24 52 70 52 78 23 13 6 40 63 
34 62 24 64 17 79 58 28 26 78 10 87 53 81 91 97 24 87 91 43 15 39 52 78 47 10 69 85 57 86 53 69 32 34 84 76 34 88 79 48 71 35 91 26 91 49 87 92 74 68 59 27 43 18 21 97 10 27 78 38 55 85 70 74 11 50 57 81 70 72 65 59 40 13 61 15 46 82 17 87 48 48 93 49 64 95 24 50 66 96 17 52 55 57 21 97 9 27 36 11 
77 51 23 66 4 37 39 83 16 35 63 99 78 23 20 39 70 1 17 60 3 56 75 18 45 96 59 39 69 96 12 21 59 5 77 60 47 71 26 84 70 76 10 11 61 12 56 4 76 77 73 63 17 36 52 91 80 20 9 26 3 18 83 97 67 3 62 86 82 55 17 19 36 2 51 36 64 80 15 35 4 21 18 60 29 32 83 60 33 15 89 81 16 1 93 21 46 55 84 67 
80 28 85 99 21 87 12 25 92 83 94 62 36 51 81 38 18 0 21 74 68 8 17 93 71 84 7 83 28 11 22 15 41 62 58 38 39 13 39 26 35 28 63 7 37 86 59 98 76 95 85 87 89 59 55 53 8 28 32 57 1 62 48 35 61 63 11 91 56 46 38 88 19 20 66 39 82 29 74 27 88 81 27 92 20 17 73 46 40 81 89 52 9 28 22 22 61 29 12 41 
81 20 79 10 67 71 78 54 33 35 40 81 25 36 25 53 4 56 81 14 14 83 46 0 87 93 72 41 76 4 54 14 57 98 45 5 0 48 44 89 96 21 35 25 71 58 21 14 26 90 73 12 54 9 14 5 76 77 90 63 2 82 77 28 14 61 47 76 76 84 95 94 80 16 57 62 18 87 7 35 70 82 8 37 48 59 97 35 64 29 60 28 8 65 8 80 30 83 11 91 
61 62 20 21 57 5 64 89 27 89 52 92 91 3 93 20 45 59 84 70 23 67 74 13 93 77 31 47 70 6 44 51 19 88 39 24 94 94 14 85 17 14 63 88 23 48 66 10 80 19 35 94 4 5 0 30 29 60 59 39 70 16 29 3 92 19 58 18 61 5 81 18 76 50 53 53 92 74 6 94 93 84 25 3 44 66 98 65 32 8 40 77 53 39 76 60 42 34 72 54 
48 57 75 53 45 7 33 41 87 14 53 56 68 97 27 92 20 6 52 84 19 9 45 97 37 38 20 9 8 59 19 22 56 42 95 53 15 11 16 30 72 61 26 57 94 75 8 71 17 33 91 39 57 73 51 46 16 25 93 82 10 95 75 40 9 45 4 55 14 10 98 90 46 14 27 20 58 50 61 46 2 40 9 97 82 46 69 54 59 77 39 4 21 81 81 30 30 84 36 78 
94 34 90 26 71 12 43 37 28 65 33 90 49 17 55 54 22 76 40 44 66 8 89 50 76 79 93 94 88 33 90 99 60 96 36 10 17 78 98 65 45 97 21 31 28 58 57 79 82 81 27 63 24 68 17 61 31 34 94 9 19 71 10 37 3 83 37 78 48 33 44 56 56 69 88 17 88 14 48 15 37 22 27 61 6 67 62 80 23 1 73 39 55 90 60 68 75 9 41 74 
78 34 61 80 77 95 59 16 68 57 62 14 40 86 60 84 56 99 0 12 79 14 89 52 28 38 91 25 20 59 59 34 38 50 25 64 20 21 38 20 91 91 4 9 77 79 93 25 94 31 39 23 27 58 86 4 53 35 85 27 31 17 92 57 39 19 8 45 66 95 40 9 24 72 55 44 98 94 46 68 36 96 59 28 39 88 34 39 7 65 5 26 79 18 75 45 98 71 86 33 
54 31 21 51 56 73 41 69 42 3 28 66 33 56 68 96 68 89 2 48 50 65 15 55 28 79 49 53 43 93 31 28 4 46 94 65 59 52 44 58 34 1 86 44 6 49 3 26 69 65 33 49 46 38 7 73 95 75 25 24 37 73 63 92 65 55 63 29 29 35 22 39 85 85 14 85 11 77 14 3 66 27 80 20 27 88 9 77 99 76 52 19 42 24 66 12 48 84 83 45 
61 29 25 43 51 38 17 16 56 70 18 73 23 88 58 55 36 55 25 62 40 75 69 6 40 64 57 81 73 30 94 47 52 62 23 14 60 93 61 37 81 99 67 31 21 64 57 76 94 31 91 73 83 99 93 22 92 35 70 73 16 1 29 61 94 63 66 49 29 2 14 31 61 96 49 10 67 90 61 16 77 72 24 89 14 46 16 89 65 23 30 8 10 52 40 76 87 82 77 39 
69 89 51 68 5 34 29 5 62 95 79 55 17 47 66 82 43 5 29 92 45 66 29 89 94 8 58 56 42 45 99 29 24 1 97 62 37 71 25 1 80 55 42 33 21 82 18 97 94 3 52 62 6 27 76 44 32 52 64 1 9 30 62 10 82 3 3 91 21 5 94 5 75 61 63 18 2 91 96 81 89 37 38 5 77 35 77 26 61 37 49 19 90 15 21 62 48 62 94 81 
12 71 1 13 34 90 90 30 4 89 8 23 54 87 43 72 10 56 73 34 60 99 82 46 86 67 71 62 65 79 49 33 63 65 0 94 26 58 94 53 99 60 35 78 44 1 14 18 48 28 17 84 65 82 10 53 72 38 62 73 53 54 73 71 98 19 20 43 77 84 8 78 63 60 79 74 76 74 87 29 53 65 87 37 96 33 82 82 54 73 37 40 65 62 69 87 97 33 34 17 
58 53 19 91 7 94 33 52 57 98 75 59 55 41 21 56 74 57 46 52 2 46 20 94 28 60 86 45 39 24 84 35 34 85 87 46 92 17 54 15 23 51 38 98 43 47 57 50 2 69 60 38 29 31 59 99 74 80 91 97 70 70 24 1 90 79 65 29 2 32 4 80 46 99 55 96 69 95 73 50 36 30 55 93 35 39 50 88 55 86 25 6 12 81 20 16 15 88 25 62 
85 25 12 98 70 3 91 30 76 34 7 73 37 88 73 21 44 50 53 76 36 53 48 70 66 56 6 79 44 20 14 30 28 95 95 1 72 90 85 8 61 46 93 69 91 58 34 3 67 4 64 96 36 53 91 55 43 79 93 51 42 98 49 81 24 59 83 30 79 9 22 26 4 45 22 13 60 61 35 65 45 25 75 43 83 36 62 43 37 86 92 11 16 75 41 19 41 71 82 56 
24 16 45 68 25 26 61 10 68 29 44 16 34 90 6 37 78 84 66 24 90 77 49 99 86 78 67 24 31 56 26 44 21 98 55 97 68 48 24 71 1 89 8 15 2 89 77 7 20 81 19 15 35 17 23 32 24 29 63 44 78 11 17 45 56 16 27 47 12 34 10 25 61 78 40 8 32 4 28 80 37 17 20 56 84 45 89 37 62 45 72 23 97 63 54 72 49 82 30 49 
47 41 26 74 20 32 23 50 29 30 55 53 81 86 82 47 5 49 41 11 61 41 54 68 21 52 96 35 98 27 28 66 87 98 74 33 64 18 54 92 37 7 82 17 77 68 8 20 29 1 50 1 96 91 62 73 46 22 89 45 41 32 84 15 52 34 45 87 71 17 36 60 64 91 45 5 44 77 39 71 53 89 88 59 64 80 71 48 96 81 84 87 29 5 62 29 36 44 11 63 
64 17 66 28 54 39 25 3 50 75 34 8 25 77 51 78 43 7 26 66 50 74 4 47 38 29 99 74 69 11 12 62 79 17 83 69 26 49 80 90 11 50 34 46 17 53 94 25 39 94 95 88 62 28 99 93 97 97 91 55 0 25 28 43 93 2 52 28 61 39 87 67 20 23 42 27 92 2 39 29 28 78 85 68 66 90 72 44 77 76 13 60 69 90 14 30 33 72 56 7 
11 92 18 89 52 14 55 61 47 75 53 69 68 74 25 63 31 66 23 28 26 44 73 73 64 28 64 64 15 26 76 3 84 92 50 73 72 31 4 21 15 28 76 50 89 76 46 65 64 91 60 50 45 71 33 90 12 41 41 32 75 81 35 48 76 27 77 69 2 17 82 12 17 61 32 34 90 97 45 38 43 30 59 61 17 69 90 34 42 63 13 47 42 29 26 93 66 77 89 0 
8 85 69 52 0 74 5 16 47 36 29 25 58 93 11 81 34 87 82 59 10 44 45 80 35 69 45 52 11 71 32 55 29 3 0 22 18 28 19 53 45 62 2 64 42 74 10 83 64 61 49 91 68 55 67 27 94 90 19 36 59 36 31 81 34 6 95 18 37 5 43 80 23 75 42 22 95 23 27 67 76 79 82 92 40 20 8 9 88 88 48 0 97 99 75 95 18 71 63 56 
43 47 23 38 37 50 47 30 44 30 22 48 45 92 70 76 45 59 56 1 44 66 17 78 83 2 70 64 81 65 68 84 76 89 52 33 28 88 33 9 62 78 56 6 75 37 73 16 24 13 31 64 58 17 86 36 7 4 42 96 3 9 49 53 18 47 30 64 78 9 69 24 77 47 27 65 2 13 62 53 5 73 41 37 98 8 54 55 34 94 94 64 17 15 51 65 83 37 93 76 
58 1 86 33 61 58 56 58 7 61 25 37 84 54 35 88 61 36 50 87 80 62 49 75 78 75 45 78 0 27 38 32 5 67 81 21 30 1 63 17 65 57 43 77 96 74 59 38 26 37 85 88 16 58 77 14 94 40 32 78 77 62 67 13 8 23 53 28 79 14 16 40 92 49 27 76 91 60 54 70 25 3 92 82 56 25 85 63 9 2 63 15 46 44 33 34 28 43 83 10 
18 84 99 90 5 8 34 68 3 65 44 85 59 77 30 41 30 50 92 81 72 55 2 18 10 23 1 91 1 97 83 43 41 55 84 24 55 87 36 36 32 27 26 18 14 48 20 49 23 63 80 38 18 9 15 3 70 98 1 77 33 53 0 6 96 71 28 0 26 77 64 47 68 31 54 26 89 7 45 38 74 48 68 38 15 85 32 10 38 17 58 71 58 68 55 77 57 8 69 13 
74 71 26 59 9 50 18 76 69 75 34 51 73 31 72 45 68 30 1 63 42 45 77 42 55 78 91 71 66 91 60 8 8 97 28 86 93 55 16 40 8 76 6 38 66 6 28 24 76 37 63 78 18 96 12 45 20 47 48 75 0 10 42 24 31 74 71 6 18 50 22 18 57 94 54 9 74 27 99 7 63 94 5 39 33 56 33 68 42 2 48 74 51 75 45 70 59 71 17 13 
68 19 14 52 12 68 41 89 61 44 71 21 57 52 60 14 8 83 14 76 92 28 64 89 31 1 59 25 65 76 18 56 53 11 70 7 41 74 20 75 10 44 95 82 31 48 60 6 71 51 9 40 74 53 90 98 35 92 94 22 36 0 61 91 11 72 28 69 33 98 39 33 3 83 39 51 96 62 92 77 90 23 5 45 68 52 42 94 41 20 96 99 60 72 39 54 99 80 46 97 
51 26 1 16 18 2 47 27 80 86 68 53 16 48 13 6 43 70 36 33 59 78 23 59 81 0 27 53 69 17 43 28 16 59 67 64 68 3 79 22 32 7 93 31 42 60 51 15 30 67 18 27 14 88 93 63 76 75 38 31 41 37 86 69 78 68 68 17 56 16 27 41 59 61 91 95 4 0 86 21 85 62 15 52 85 40 48 49 60 50 40 98 78 52 93 5 59 30 96 18 

Matrice generata: 
Numar de coloane: 100
Numar de randuri: 100
32 43 16 99 13 66 77 26 34 21 33 55 33 12 81 31 86 29 62 45 49 45 28 33 69 68 7 19 74 73 28 37 66 18 20 17 46 95 0 38 80 34 74 62 4 56 24 26 75 19 53 82 20 43 98 51 50 30 28 27 84 60 0 68 55 8 8 34 59 7 75 55 33 71 64 25 73 95 33 23 33 18 7 80 60 65 99 9 85 3 83 10 20 28 79 49 67 38 24 86 
27 4 83 67 22 64 19 84 21 33 60 24 19 66 19 56 13 11 30 44 93 90 58 19 46 93 46 22 62 82 36 2 26 91 11 61 19 65 39 20 10 62 28 3 15 40 5 21 95 0 84 26 24 22 4 86 94 2 8 9 95 2 68 58 16 84 72 89 8 43 55 60 67 41 97 13 91 26 8 55 23 89 33 40 36 17 1 40 72 24 26 4 51 48 41 12 94 90 37 74 
64 77 85 97 52 91 20 90 76 2 2 55 60 2 52 74 30 15 65 97 17 23 76 64 62 42 25 94 47 66 79 46 1 14 76 14 17 67 1 74 62 43 70 64 58 70 42 92 69 14 8 96 9 66 24 17 56 43 81 16 68 76 17 39 21 88 40 84 59 98 63 33 65 25 28 35 49 30 38 6 63 64 70 45 62 22 89 23 84 75 6 57 31 83 0 66 96 82 57 86 
5 68 83 75 68 68 0 67 18 57 61 95 90 39 79 52 22 58 65 5 80 55 90 45 30 56 36 75 84 77 75 68 52 96 84 0 20 25 6 25 88 41 22 17 91 73 79 30 52 44 64 13 58 73 55 77 72 86 20 78 88 83 38 43 82 19 31 24 9 42 70 32 99 72 50 66 26 33 70 87 80 74 63 50 79 31 75 92 74 87 20 83 51 94 94 2 81 25 11 14 
55 33 40 4 36 82 28 16 74 83 88 70 51 56 26 35 10 24 12 15 39 92 85 26 38 40 88 13 96 74 41 4 81 73 20 98 38 44 21 77 49 11 25 15 75 3 44 38 13 24 36 20 23 92 19 79 4 71 86 65 72 41 76 84 77 2 66 45 85 62 32 26 89 78 10 18 95 39 77 49 58 31 29 6 66 77 1 46 59 62 45 25 96 82 81 55 9 44 2 70 
46 44 66 3 75 43 17 56 28 72 71 1 74 61 93 83 41 48 87 22 53 17 93 26 68 23 15 98 86 48 48 79 59 5 82 29 75 57 75 69 0 73 47 98 29 42 18 99 51 96 23 21 19 5 14 19 24 26 35 95 51 76 4 39 74 94 77 85 60 22 92 60 42 19 31 97 46 67 87 46 40 67 54 37 37 64 49 97 93 79 89 35 30 34 10 64 27 58 31 38 
95 85 89 45 74 97 31 75 95 35 95 73 20 58 67 87 95 64 44 7 94 64 48 58 5 93 66 58 76 82 31 99 64 87 56 29 20 25 54 23 14 66 20 32 96 24 87 0 40 76 16 17 75 87 68 87 73 37 61 65 75 22 37 76 51 42 50 71 41 24 97 64 20 56 33 61 11 63 89 50 53 56 74 12 8 96 50 0 94 26 77 18 95 93 2 44 76 39 80 75 
56 17 7 90 48 21 82 75 89 56 14 86 78 28 92 19 86 21 74 44 23 64 43 45 49 68 70 25 70 23 40 42 86 78 17 40 68 85 46 75 59 98 73 68 79 32 52 99 12 28 71 70 30 51 72 69 56 91 24 45 58 13 52 71 77 88 99 40 86 17 31 31 4 58 80 0 84 85 32 59 34 61 89 36 89 76 42 34 0 66 77 61 44 89 70 27 55 26 48 28 
75 63 24 15 8 12 19 97 24 37 62 43 49 5 38 72 45 54 2 12 13 40 8 6 40 11 80 25 52 49 96 50 95 61 85 17 79 75 39 33 60 58 28 96 32 12 71 99 57 45 1 32 3 57 25 50 97 88 88 58 66 97 76 32 81 14 70 20 14 32 72 55 76 99 52 89 19 18 11 25 27 13 53 94 39 3 98 38 37 38 56 61 55 45 43 83 27 62 67 93 
40 3 37 62 0 8 52 43 14 22 43 95 97 94 8 9 28 16 96 94 42 59 46 50 90 91 35 71 31 58 76 98 89 7 78 31 71 9 42 37 14 49 70 3 16 24 40 77 39 88 10 42 77 29 36 66 63 80 29 64 58 96 41 19 26 17 76 51 70 26 65 79 82 27 81 85 12 84 43 27 78 49 34 5 77 58 49 80 43 63 19 26 31 50 38 55 82 57 87 76 
33 88 88 74 62 51 19 3 65 13 7 54 3 25 4 61 32 94 24 0 41 94 9 0 64 3 71 22 45 98 70 11 96 18 29 25 91 54 78 48 54 82 82 70 94 76 81 32 68 67 35 19 77 13 30 56 19 27 96 45 79 85 90 44 27 51 99 49 32 79 38 75 68 89 43 4 9 76 64 36 78 82 37 21 0 26 95 33 93 86 29 27 77 30 94 83 65 97 98 77 
73 39 0 70 55 62 69 47 58 11 6 7 14 52 46 48 8 99 59 74 50 20 27 32 86 60 86 4 11 32 82 69 46 38 24 11 3 27 54 72 44 57 75 87 7 44 62 2 27 64 19 88 10 37 92 41 46 8 8 14 49 6 6 6 4 44 89 24 79 5 1 86 83 8 94 90 66 49 93 59 37 47 14 80 44 66 61 9 85 46 62 55 15 28 84 47 70 92 15 3 
64 53 58 6 88 58 39 85 48 69 30 98 8 86 89 4 89 50 62 13 64 53 24 78 84 31 75 21 92 11 87 5 67 30 12 14 86 83 15 96 6 88 47 39 34 37 83 61 93 8 56 84 46 54 15 14 74 14 15 83 91 80 1 98 93 40 33 1 1 40 86 71 11 36 71 91 26 70 81 99 92 26 93 99 68 5 18 20 55 93 80 46 77 4 56 74 61 11 0 80 
2 69 39 21 97 15 30 9 53 43 66 58 81 28 23 33 68 17 18 5 28 96 18 77 37 59 33 85 45 75 33 74 40 90 47 92 86 7 56 14 77 24 63 26 90 20 88 38 32 99 22 95 56 91 85 44 40 76 95 71 35 81 84 56 87 18 69 83 36 34 29 25 28 42 84 86 25 19 89 95 95 2 67 71 81 46 1 92 40 40 99 31 73 39 61 32 67 30 98 97 
8 15 66 86 82 25 16 24 3 54 95 51 46 47 45 1 61 22 38 84 80 55 68 31 87 83 40 45 93 85 93 72 73 10 61 90 25 81 27 26 59 92 0 14 4 58 67 45 73 2 97 84 12 57 15 89 79 36 13 12 88 57 11 58 80 31 67 8 19 9 38 90 51 49 38 81 41 35 6 86 37 50 68 37 44 73 51 23 95 94 92 92 16 55 35 32 54 27 16 41 
7 54 33 22 61 77 95 60 33 13 13 74 20 62 68 98 89 79 21 7 36 41 25 78 49 78 22 74 68 25 56 20 30 91 31 51 74 20 33 77 45 69 72 8 55 38 17 12 38 21 40 94 34 1 32 73 88 48 32 72 97 20 51 77 98 50 77 90 54 59 95 83 48 82 36 83 10 6 87 78 91 53 49 8 97 79 93 41 84 66 3 82 44 10 14 21 65 85 34 25 
12 72 88 3 34 65 73 57 85 55 11 33 73 19 24 81 64 49 76 39 41 63 66 24 72 18 47 20 51 60 11 97 57 93 46 19 47 10 74 8 60 27 23 20 87 93 0 85 44 81 94 30 40 72 7 30 6 25 63 4 66 96 91 2 34 69 56 98 64 9 60 5 62 28 56 95 5 93 5 84 61 98 57 71 36 81 10 84 54 85 79 71 12 37 75 3 24 20 34 17 
0 89 38 88 93 73 39 15 20 39 20 46 79 84 74 33 13 66 65 57 51 3 9 5 92 62 50 90 2 62 99 67 51 19 37 49 67 74 50 23 54 9 9 38 86 36 69 96 43 14 33 39 7 92 59 49 74 85 25 2 51 63 57 69 78 26 5 32 72 4 3 88 5 37 19 90 97 80 59 41 31 14 4 4 72 35 67 3 15 27 55 26 30 80 27 54 64 91 12 25 
22 85 44 93 21 79 79 28 41 18 66 79 56 37 30 41 91 44 75 16 70 99 17 35 52 8 69 62 65 98 61 24 99 99 19 54 36 61 20 22 98 24 60 19 18 92 26 11 40 63 73 51 83 51 83 30 65 35 27 14 93 78 94 92 88 20 30 72 84 80 2 86 64 8 95 56 86 67 97 4 58 17 55 44 91 72 48 25 92 85 9 86 77 32 67 79 29 98 15 34 
0 67 47 5 34 57 96 82 67 49 50 49 38 8 51 52 85 61 48 5 75 34 79 64 68 60 65 7 38 72 76 69 29 28 40 15 9 28 20 98 57 19 78 2 24 58 35 70 61 59 28 2 32 62 37 6 26 37 84 6 34 47 31 40 5 52 96 56 6 7 53 75 60 89 52 2 80 49 86 59 87 90 16 60 56 61 67 28 40 60 7 46 83 41 47 43 38 15 25 28 
58 92 21 26 29 58 81 43 54 55 95 78 24 13 87 59 90 8 33 96 29 65 3 0 47 31 99 7 80 20 7 67 20 25 11 78 75 7 96 68 45 75 68 32 83 45 85 39 92 70 63 57 33 19 3 96 10 18 1 27 37 16 59 37 42 68 2 99 54 76 42 40 58 10 12 32 56 78 28 15 12 23 53 44 44 15 55 82 6 73 56 12 71 22 12 25 73 56 24 74 
79 52 51 69 33 34 90 6 91 79 81 13 83 27 63 7 55 53 81 50 1 36 0 69 49 51 99 17 17 93 60 51 41 24 62 65 94 73 4 87 21 37 10 35 53 50 17 98 57 16 66 60 16 35 33 86 68 95 64 11 30 60 41 68 64 84 31 69 29 61 25 34 37 32 3 43 89 40 0 32 66 49 89 84 79 82 74 72 82 22 22 76 60 15 17 3 76 71 95 42 
89 8 73 0 95 43 19 27 29 2 70 53 86 64 27 93 22 78 57 38 73 79 29 49 78 0 95 24 10 6 6 22 75 9 92 19 28 19 99 40 83 31 4 86 10 96 79 65 57 18 49 17 4 87 78 48 69 14 71 82 65 96 75 18 27 45 18 2 15 40 79 26 68 47 10 78 93 66 43 82 43 61 14 8 60 85 37 18 41 96 56 73 97 63 54 54 17 90 51 35 
56 9 86 49 64 74 85 37 76 57 43 10 9 65 4 32 48 26 53 19 45 37 44 98 82 77 65 45 88 58 51 98 79 3 48 25 46 40 71 64 29 67 72 59 27 61 79 68 12 74 87 39 47 86 46 72 97 86 53 89 45 43 10 39 45 34 46 50 80 53 26 55 42 70 21 18 0 62 11 20 68 96 26 9 13 44 10 47 81 67 60 25 4 11 40 11 1 61 63 36 
4 10 72 84 94 10 87 95 46 50 88 37 1 62 35 7 72 48 16 28 7 16 10 64 69 41 85 14 36 85 84 98 78 77 83 38 58 0 18 54 83 11 18 26 74 73 5 32 60 5 28 59 77 1 18 0 88 53 45 3 48 93 97 82 52 52 29 70 29 40 61 23 88 87 54 19 63 72 73 95 40 94 78 38 13 25 65 15 84 91 80 2 59 11 37 58 5 6 12 78 
71 66 36 2 81 68 66 33 0 73 30 77 54 81 34 72 26 41 31 86 54 40 38 40 80 77 33 99 32 91 74 93 96 45 40 22 81 25 75 83 38 8 33 79 28 62 68 42 1 20 58 29 14 10 84 76 87 75 4 78 62 95 37 80 85 66 69 29 33 66 49 42 72 19 21 19 2 47 48 66 28 19 81 44 28 99 68 50 45 22 50 45 86 51 51 14 37 72 50 6 
94 32 52 37 87 92 51 2 94 86 98 79 9 82 10 51 63 2 11 47 85 82 93 81 98 97 50 72 8 80 56 64 57 21 53 61 9 4 47 8 95 37 51 50 96 57 45 22 85 31 53 10 43 79 22 26 88 39 5 89 86 54 6 36 93 59 38 25 92 54 44 73 24 18 93 70 39 99 55 9 36 14 27 16 40 72 71 28 89 24 15 69 88 66 45 83 96 89 92 49 
95 11 66 9 78 56 57 28 20 17 20 64 88 56 59 68 67 58 24 34 41 96 90 45 57 99 92 91 80 99 28 70 51 94 42 19 61 19 27 55 46 78 47 2 43 79 75 46 36 60 33 30 44 31 81 64 81 41 84 9 15 41 24 31 23 13 12 29 76 43 20 11 70 19 44 69 11 25 89 67 71 55 60 95 89 2 60 71 17 86 36 49 1 27 78 21 63 54 51 98 
40 1 70 89 83 4 25 91 65 53 10 46 9 47 20 32 74 7 67 93 64 56 1 82 32 53 60 71 39 17 8 13 10 3 34 4 81 56 15 29 33 7 71 88 45 3 47 35 89 0 86 98 62 88 75 78 78 28 28 93 83 0 50 79 43 47 57 61 0 28 88 72 91 79 67 20 95 9 81 10 10 24 48 19 35 45 73 36 32 51 0 8 4 85 25 1 14 56 57 47 
24 36 68 70 3 65 77 99 8 74 55 50 39 87 11 83 64 40 99 3 86 18 38 95 1 20 31 33 54 90 64 62 70 47 90 84 76 58 55 16 62 65 9 15 6 5 66 75 92 29 30 77 28 69 28 59 71 58 33 4 50 37 40 19 33 74 35 50 47 17 83 71 99 40 78 97 33 94 69 58 63 27 94 20 1 96 40 15 1 35 30 86 39 90 47 34 70 25 86 59 
32 81 55 9 31 43 62 8 33 55 48 60 58 87 2 46 39 75 17 19 63 3 28 39 41 19 31 21 39 55 40 81 18 44 70 57 64 68 2 96 57 18 95 82 48 97 58 29 76 91 98 96 73 13 79 79 27 90 38 10 74 33 49 15 59 17 51 75 80 29 50 81 48 97 75 16 93 92 44 74 33 19 93 53 79 50 92 73 55 46 70 41 71 55 24 8 73 77 48 76 
7 99 41 82 33 79 70 32 17 53 73 29 37 30 93 63 6 9 74 3 23 27 21 33 8 16 1 58 41 34 84 96 51 49 16 1 65 80 37 40 37 48 3 18 33 6 26 69 61 76 22 83 84 21 22 54 71 33 33 3 95 74 43 73 46 64 82 92 76 52 16 60 92 52 98 28 46 79 39 19 17 60 92 39 49 64 96 33 19 42 47 72 70 63 69 1 71 56 92 17 
9 40 83 99 46 2 37 93 42 83 14 18 52 72 55 25 32 21 97 89 65 70 12 66 4 31 93 28 10 48 49 50 58 82 11 69 95 82 53 12 77 67 62 97 68 46 87 58 43 66 80 58 15 46 84 91 19 25 21 69 32 73 74 84 57 32 82 7 24 15 41 28 97 0 51 65 49 83 57 22 75 53 13 81 7 86 10 40 92 90 52 36 56 70 22 55 67 73 53 4 
92 6 54 75 96 9 33 81 17 6 37 33 24 61 44 81 96 61 59 4 74 44 2 22 38 13 90 35 52 25 65 16 60 94 84 19 91 46 80 50 82 12 98 11 26 50 84 67 27 56 6 49 19 68 71 94 38 32 78 60 67 24 60 36 42 93 10 17 66 55 68 31 71 25 57 28 60 45 43 14 23 82 52 14 97 79 63 5 17 51 96 30 45 42 7 75 4 84 80 74 
61 0 89 84 52 89 49 4 19 8 4 75 92 5 40 31 21 0 26 6 62 60 79 37 46 8 59 82 73 30 35 56 47 41 47 34 54 31 79 79 59 13 83 77 74 23 62 63 75 75 72 73 89 4 33 64 18 89 86 88 74 73 95 32 1 43 94 48 80 43 82 96 4 42 76 80 82 48 60 52 26 88 70 95 19 90 94 69 1 68 94 26 98 18 79 37 35 65 78 98 
90 51 87 97 26 93 59 41 91 1 64 12 12 19 34 27 95 44 36 30 98 27 49 55 53 73 23 81 5 31 56 97 9 45 5 20 96 57 4 23 81 2 30 8 43 9 77 86 65 39 64 93 55 81 57 51 63 69 4 27 78 97 2 89 87 38 17 38 7 98 63 26 12 79 15 44 56 4 83 31 1 95 20 56 22 67 44 39 29 86 50 62 0 79 37 40 43 57 26 80 
51 25 9 99 73 15 50 76 2 6 96 35 36 55 36 68 19 31 76 42 2 18 40 48 93 97 13 32 2 99 73 84 84 36 96 22 35 19 44 32 55 74 41 28 49 20 71 37 56 19 8 5 58 67 31 99 2 64 43 81 18 56 62 11 93 85 37 89 6 90 45 84 9 12 96 45 4 57 18 55 91 81 3 87 97 6 98 97 14 46 61 38 1 91 48 21 47 43 88 51 
83 45 80 96 21 8 70 79 86 99 44 14 93 7 27 52 84 62 82 84 31 81 12 55 66 1 83 57 6 50 5 85 77 92 53 31 23 15 0 16 6 74 34 90 90 88 83 57 14 12 90 53 67 40 37 77 46 38 72 5 6 10 1 65 84 26 65 51 7 87 68 0 88 86 83 14 6 5 51 21 27 96 47 88 95 23 70 3 63 29 47 4 98 67 90 91 48 56 44 99 
36 10 7 34 32 62 44 96 68 0 27 93 88 10 16 73 15 87 45 74 80 91 51 73 88 38 65 97 22 18 57 50 39 59 98 78 59 11 4 54 58 70 18 8 76 45 46 12 78 58 4 85 61 3 69 66 54 9 83 66 73 12 77 77 64 86 7 57 80 0 88 42 34 36 90 42 79 21 65 81 37 82 21 12 91 71 40 65 25 6 6 19 41 69 19 96 27 75 40 90 
43 18 32 22 84 49 58 96 53 76 31 23 45 41 34 24 69 89 21 7 85 16 67 62 39 61 47 16 11 10 20 13 68 97 27 63 34 13 86 81 39 8 79 20 15 33 25 4 71 9 11 72 89 39 7 71 58 26 3 71 70 80 18 35 92 92 49 41 86 44 38 94 84 18 99 90 10 9 20 57 61 12 35 65 58 43 96 41 6 86 28 69 82 84 32 71 62 64 51 56 
53 50 30 30 36 93 76 83 81 9 89 22 0 62 48 40 84 45 64 44 55 81 49 60 91 81 12 30 47 57 77 32 19 92 82 41 32 22 29 85 67 70 59 35 23 75 87 69 59 91 41 80 34 5 24 19 71 97 76 15 69 86 62 73 20 21 74 88 55 25 26 37 69 86 29 33 90 26 95 78 67 23 77 91 14 48 9 58 69 3 67 23 38 96 91 91 24 0 2 26 
45 49 20 47 23 79 53 59 46 28 1 2 55 36 51 66 95 42 49 52 56 68 25 81 81 23 47 90 30 83 38 88 86 35 23 23 4 72 70 18 90 76 68 92 64 70 66 79 82 21 67 83 37 38 29 57 87 71 66 49 51 5 91 61 71 7 54 57 18 89 0 65 86 16 81 2 86 13 60 85 74 71 56 5 99 75 5 68 95 59 34 70 79 63 63 98 7 64 74 13 
75 34 86 72 50 58 32 22 21 57 52 21 79 48 84 35 60 25 72 57 37 59 84 7 41 43 23 25 18 15 50 83 24 15 74 60 95 82 28 38 92 87 41 22 1 54 34 61 26 6 70 89 89 76 99 13 63 38 63 93 52 51 87 30 40 41 51 53 4 1 41 48 37 17 37 64 45 51 94 4 94 73 19 79 24 6 48 72 39 65 76 67 6 70 8 20 37 58 45 5 
1 19 44 93 90 9 35 44 94 7 21 78 4 35 31 63 64 85 90 0 26 23 12 54 55 86 2 27 81 68 92 10 10 39 85 53 84 46 67 38 68 71 75 95 40 18 94 10 36 80 59 29 7 36 8 75 48 83 1 17 69 82 88 72 60 23 91 8 18 12 13 24 95 23 67 9 85 31 0 95 89 60 59 7 0 12 13 44 3 22 43 36 33 12 77 50 14 92 11 6 
86 63 85 16 4 71 74 7 29 19 57 47 57 57 59 38 95 40 53 52 18 71 19 45 41 79 67 36 17 97 0 47 38 36 2 34 46 54 71 48 18 13 9 33 75 58 18 30 21 42 61 88 0 50 79 28 12 29 42 43 3 12 35 90 99 89 66 97 38 57 43 46 4 85 88 77 51 0 89 86 94 40 66 59 26 6 47 89 59 63 82 26 26 46 63 61 64 52 60 5 
62 15 85 87 13 91 78 76 94 27 88 64 90 65 2 34 3 88 44 76 26 66 99 65 49 46 93 22 63 36 52 87 68 50 2 65 83 11 55 77 34 10 46 10 72 13 7 64 95 55 50 45 45 57 74 37 45 53 24 27 82 73 27 46 63 35 57 78 79 90 43 13 70 86 28 70 17 72 48 41 2 37 36 43 15 76 97 86 89 3 93 58 66 51 59 7 52 85 43 59 
49 70 55 11 31 38 73 78 5 82 56 14 13 39 99 44 74 67 37 46 77 35 35 48 99 82 77 77 77 90 68 64 69 69 17 47 87 23 69 71 8 63 65 26 87 84 98 30 52 79 38 15 93 90 63 17 69 31 77 48 56 11 62 81 59 66 18 18 73 65 42 29 98 32 57 13 92 46 42 63 78 98 9 13 30 12 81 5 43 89 47 69 61 79 52 22 30 13 30 15 
45 56 65 88 90 32 34 76 0 90 46 73 47 90 80 43 23 56 44 36 35 51 15 3 90 8 48 63 47 14 30 79 23 79 61 84 21 63 83 11 40 31 19 33 13 94 60 13 0 83 0 82 99 71 9 7 61 35 54 19 82 34 20 37 44 83 47 17 7 9 48 69 71 66 36 23 26 22 22 92 13 57 18 7 91 53 78 0 69 63 39 92 62 15 97 25 11 31 42 6 
72 74 92 10 49 79 86 23 95 78 56 63 3 9 94 2 9 51 28 2 15 66 31 76 93 87 58 52 17 84 4 93 83 22 85 6 15 41 0 77 12 78 28 83 69 20 63 57 31 38 72 58 70 73 29 81 97 61 53 37 32 94 29 97 85 58 62 26 36 6 63 13 32 82 60 35 67 30 74 22 2 31 7 31 94 47 26 49 83 97 92 53 90 1 54 33 94 76 59 18 
68 55 98 19 77 79 94 31 14 30 14 11 98 89 71 46 39 85 5 57 94 83 41 27 43 44 86 70 6 98 84 25 7 79 42 19 85 44 36 52 9 17 28 90 63 28 66 78 69 47 99 21 72 43 14 48 37 95 58 84 97 75 1 11 74 52 31 28 49 37 92 9 16 78 43 96 60 88 86 59 5 20 27 45 7 74 6 7 42 88 58 76 42 35 10 5 32 46 48 32 
84 74 28 75 87 3 68 69 87 85 21 86 86 21 30 57 56 23 28 12 17 69 73 88 30 83 83 54 97 7 9 57 92 99 66 89 59 13 42 89 74 7 65 62 65 54 91 53 31 29 94 48 54 15 27 8 53 1 32 58 22 93 75 68 55 72 17 79 11 27 6 76 29 43 36 84 52 34 67 69 84 98 83 70 6 45 21 98 75 19 29 54 22 36 46 54 30 6 92 22 
43 27 75 26 34 11 80 83 21 54 85 69 38 81 18 82 72 16 7 41 27 4 2 33 81 78 29 85 13 72 49 13 20 82 74 71 23 17 67 15 88 22 6 0 62 39 25 93 0 60 32 81 67 91 63 8 51 57 1 14 55 5 15 9 81 72 46 90 58 68 59 25 3 37 18 24 24 18 47 75 15 0 65 21 5 83 24 14 21 29 77 53 66 79 6 49 10 88 92 65 
61 96 46 80 88 84 24 63 0 4 0 90 83 17 33 51 42 77 5 59 78 56 46 33 36 82 17 1 27 71 68 98 68 70 99 1 18 31 16 62 34 43 75 13 50 83 45 17 13 26 19 12 70 48 27 0 82 96 54 22 45 4 45 2 45 40 62 99 2 77 15 89 93 41 82 29 4 57 68 44 28 19 76 76 61 41 37 33 88 2 88 44 95 12 59 2 38 80 54 15 
50 63 17 76 78 69 48 36 75 40 67 53 29 46 25 68 72 32 47 59 21 29 3 93 53 87 76 36 80 61 93 72 64 28 65 59 89 8 1 61 9 44 13 34 49 85 23 79 14 85 54 40 58 68 23 63 60 88 37 1 15 75 54 14 39 90 39 62 74 4 9 17 65 16 71 76 35 75 0 26 80 8 61 38 71 39 20 30 71 29 0 77 55 94 33 22 0 55 61 21 
48 46 48 59 4 93 13 31 57 96 9 96 60 40 97 30 80 82 6 73 10 63 29 84 35 62 46 55 98 63 60 20 48 67 42 12 84 95 46 2 5 61 91 45 56 22 10 36 61 85 61 36 5 81 27 49 12 95 1 29 89 55 26 38 94 18 75 79 59 97 82 63 8 0 12 14 3 14 99 40 77 84 41 44 17 81 63 98 62 50 38 69 29 35 3 85 50 55 3 56 
45 48 46 33 90 43 2 10 58 3 64 90 65 80 18 4 57 76 80 26 53 2 25 43 87 51 22 39 84 10 26 60 96 75 10 63 59 25 31 9 48 58 98 34 89 88 8 76 5 65 87 24 40 43 78 17 50 50 40 14 27 23 33 6 54 19 93 11 70 70 57 72 65 74 53 28 97 76 24 21 57 25 99 41 81 45 89 53 66 97 1 40 88 51 14 15 70 16 87 19 
28 94 10 31 45 68 80 88 57 36 72 7 62 96 85 26 58 36 62 75 99 75 59 74 63 88 54 50 53 54 17 52 21 49 36 77 77 96 16 21 40 36 21 56 67 65 97 9 32 88 89 18 66 61 77 20 44 80 73 60 69 72 95 30 73 84 81 42 0 50 24 33 23 16 11 2 28 45 33 35 14 30 46 54 82 7 89 18 30 78 75 27 76 55 92 1 48 93 55 22 
78 53 96 74 6 49 91 29 90 20 32 16 46 12 5 56 51 57 67 64 50 94 17 26 90 50 41 41 65 26 5 86 75 94 58 18 36 1 47 28 24 65 72 88 62 4 18 27 46 94 88 90 56 56 5 6 73 83 93 26 13 42 83 78 0 60 19 59 51 74 0 75 42 37 81 51 63 81 90 64 46 83 80 19 52 49 57 13 55 47 29 76 84 37 84 12 36 60 46 22 
81 27 55 35 21 4 56 36 61 7 99 10 11 11 58 29 94 59 83 91 35 1 8 39 98 39 2 67 67 42 69 11 11 28 58 95 91 25 93 37 35 55 50 21 65 95 74 58 61 16 40 79 6 23 31 82 94 92 36 0 78 41 64 42 13 57 18 0 46 29 43 1 31 7 76 74 61 47 86 56 14 31 13 25 54 86 26 31 69 69 90 37 92 2 28 51 30 15 80 89 
58 0 95 83 87 21 15 36 66 74 35 17 57 20 48 18 53 93 15 4 43 93 32 14 89 57 56 89 96 48 58 26 77 1 64 12 32 99 36 44 8 69 47 86 54 43 79 61 18 9 61 62 0 63 58 97 73 30 37 6 81 26 26 32 21 9 3 85 97 91 56 29 12 12 54 75 41 68 52 70 46 34 6 46 16 93 43 65 57 52 43 45 82 28 19 14 13 31 99 92 
52 40 81 91 49 30 27 56 37 56 93 38 88 59 26 70 66 71 65 3 36 99 17 1 14 98 88 37 98 49 17 50 99 11 65 47 99 60 27 69 59 62 33 37 92 6 30 19 15 11 55 77 6 61 43 27 67 40 19 48 6 81 12 7 3 78 70 4 10 6 29 6 39 9 95 97 82 60 42 37 43 26 78 59 4 44 38 60 7 95 50 3 71 67 53 39 28 71 2 75 
43 84 10 7 84 99 25 48 3 80 53 31 34 77 84 28 37 32 18 82 83 97 11 79 57 40 55 89 89 52 15 3 33 77 98 79 40 63 22 66 66 16 8 19 27 99 94 36 53 35 70 18 91 32 5 95 54 56 63 47 96 39 7 81 76 45 95 44 9 14 53 18 43 80 2 16 68 12 64 92 76 75 15 16 99 99 12 32 56 11 24 60 75 63 9 43 85 41 80 84 
12 54 76 44 18 98 56 93 11 96 54 55 63 80 88 0 58 38 39 85 82 20 91 31 15 16 64 44 19 33 91 33 57 57 98 81 44 44 21 84 0 7 8 53 45 96 78 18 29 13 36 82 73 44 52 22 24 43 90 97 78 29 76 17 43 21 87 88 96 22 45 67 73 69 78 19 2 76 92 57 32 4 70 40 3 54 18 67 53 26 86 72 42 12 16 73 96 0 67 66 
34 34 30 84 56 79 1 80 86 79 75 67 3 64 49 75 66 11 25 11 51 95 32 41 48 79 43 41 58 37 82 98 67 62 86 85 83 60 87 77 2 35 30 27 49 67 61 45 5 83 95 42 26 44 11 71 71 30 64 73 26 1 76 24 74 74 45 87 52 72 37 1 57 41 38 28 3 43 22 72 37 70 49 60 34 87 49 50 51 28 4 1 55 2 41 77 15 40 64 70 
59 71 40 33 60 61 50 27 93 91 32 72 17 67 57 45 27 31 61 71 20 94 18 93 79 77 97 60 63 42 18 50 18 29 46 64 85 98 55 81 67 75 71 64 85 42 11 37 84 25 15 21 71 28 23 65 68 51 84 62 32 68 28 66 7 86 64 74 94 45 97 56 1 63 43 12 69 57 42 36 98 19 63 25 71 9 90 72 59 3 74 98 0 67 82 4 95 35 47 36 
26 33 87 41 42 92 80 73 18 74 43 70 89 75 29 41 37 42 7 60 64 81 51 48 55 87 7 91 6 74 25 69 74 76 37 68 87 64 42 82 23 38 25 6 33 71 25 16 35 14 16 43 34 53 31 29 15 16 3 22 60 53 60 33 53 96 88 77 12 85 57 99 88 80 77 10 62 41 59 80 3 94 99 3 35 23 22 88 86 1 59 55 4 75 30 65 95 9 40 71 
17 30 69 85 45 53 54 20 27 4 87 21 96 10 8 50 5 20 76 54 99 3 23 84 55 44 77 5 36 92 96 88 30 51 3 4 35 77 89 93 45 33 97 83 99 50 40 53 77 50 5 98 3 49 70 42 97 36 12 59 81 45 60 7 42 0 73 82 69 71 66 10 96 66 33 99 66 65 38 64 98 39 26 12 72 1 25 81 94 36 98 73 57 4 82 3 70 14 72 66 
40 8 56 25 48 60 19 97 28 20 7 67 42 74 1 33 52 81 23 62 46 18 25 23 0 32 7 10 22 3 92 25 2 88 3 31 56 80 3 35 86 10 7 46 83 83 35 92 26 29 37 46 8 0 84 8 70 17 53 90 86 5 74 1 37 94 88 12 21 25 14 32 45 80 45 77 58 74 57 66 75 38 74 40 69 13 94 44 72 61 56 8 21 83 52 61 96 63 42 39 
23 3 30 45 14 38 1 83 39 8 5 42 78 88 51 35 81 61 5 32 29 54 48 20 28 53 16 42 4 43 23 66 18 94 68 12 32 47 68 22 97 75 0 36 47 58 99 51 48 12 92 83 17 49 75 66 7 59 72 99 36 57 48 76 14 94 84 93 8 57 98 68 82 69 75 41 34 34 31 31 69 99 31 70 77 29 44 58 98 45 17 37 48 14 59 76 98 12 27 14 
45 81 34 51 72 49 80 57 16 37 90 41 89 12 53 36 52 11 77 56 77 67 76 19 88 30 20 60 11 94 31 74 23 66 36 21 64 51 65 2 60 66 13 7 64 69 60 85 62 59 30 4 19 34 83 89 60 16 90 30 5 54 98 90 18 22 58 79 78 59 68 82 62 47 83 75 10 57 83 66 83 64 16 77 17 17 36 72 17 65 14 95 4 75 6 16 78 93 1 33 
33 1 39 13 83 41 37 95 35 48 10 98 84 95 62 45 71 76 94 43 42 89 63 59 55 61 80 92 36 69 68 15 14 54 24 54 73 31 19 40 62 58 97 94 56 24 61 7 77 87 4 75 48 91 34 51 71 36 85 24 31 44 16 77 50 89 73 57 78 38 76 34 16 63 40 9 39 2 81 86 50 22 56 3 26 68 78 88 80 65 11 51 16 7 92 47 62 25 25 31 
70 98 13 21 53 20 51 4 66 82 77 35 87 9 28 19 16 19 64 37 46 34 48 62 70 5 62 17 65 60 43 39 3 90 89 5 73 23 22 25 4 20 58 26 60 73 10 28 14 57 31 53 5 1 59 87 48 47 34 34 13 69 5 53 59 87 20 69 51 38 13 51 69 35 63 87 9 4 65 97 56 6 80 60 76 9 71 26 1 25 81 36 80 77 22 22 54 21 19 59 
68 20 69 59 89 64 36 54 58 88 13 95 51 14 87 25 0 62 38 74 54 30 94 73 80 42 14 74 38 91 94 10 12 93 8 51 37 35 11 59 34 28 61 41 66 56 23 70 13 76 55 87 25 43 82 39 85 42 32 31 21 62 88 81 55 77 43 3 8 67 97 58 62 84 15 0 26 41 44 57 87 31 93 54 57 47 65 76 53 27 22 76 66 42 78 37 29 73 74 70 
30 37 25 35 54 81 54 66 33 8 75 92 97 92 2 62 63 92 66 49 42 11 79 74 25 10 7 83 61 43 61 80 3 57 88 41 34 57 22 58 57 94 80 33 85 9 25 35 13 12 29 94 85 21 59 75 47 15 28 41 20 49 25 18 84 26 49 10 93 86 19 41 22 71 62 61 21 12 22 14 29 55 99 23 14 10 74 7 7 69 45 0 6 98 20 47 40 5 98 64 
1 51 49 29 34 63 53 80 62 28 8 90 6 10 76 24 25 24 96 32 25 31 40 32 11 18 35 27 56 98 11 93 40 24 92 2 63 81 98 62 91 25 25 48 1 93 27 41 9 96 89 81 65 78 20 1 23 25 31 27 54 4 21 27 18 17 52 91 28 42 9 59 70 51 44 67 53 96 29 70 16 7 57 71 48 46 39 87 49 3 30 75 76 52 79 31 9 26 1 96 
25 9 69 91 17 55 9 4 14 26 9 34 36 16 64 0 97 34 41 25 86 57 70 37 73 29 2 89 71 99 55 34 51 91 63 33 33 59 36 18 68 68 32 63 13 71 26 8 76 23 87 57 50 21 41 23 42 53 30 57 62 97 14 80 41 96 54 79 42 57 25 5 52 34 17 3 29 40 27 21 94 96 29 5 65 5 89 93 46 33 78 79 96 27 14 14 91 79 87 99 
39 24 36 82 61 87 61 43 62 43 35 2 82 39 46 83 50 12 20 82 77 92 74 87 25 29 87 73 78 89 29 79 65 40 37 32 75 8 43 72 77 41 79 48 60 26 22 73 26 34 40 6 79 0 4 85 75 15 22 33 5 66 5 25 57 77 96 44 58 76 28 72 82 60 45 65 80 49 11 32 17 80 71 14 93 30 57 76 92 85 89 48 4 93 63 6 48 4 21 12 
23 40 15 32 69 14 42 53 91 25 26 77 15 76 3 73 46 49 47 46 73 83 77 93 19 35 66 46 61 59 24 91 29 72 17 28 21 82 2 79 44 2 97 34 39 92 47 16 2 87 10 61 22 14 78 49 39 92 46 49 98 76 90 3 36 95 94 20 4 68 22 95 7 92 56 92 27 62 98 94 93 73 21 62 59 36 37 26 6 87 60 3 17 46 21 92 97 95 69 83 
20 16 60 29 29 90 94 90 1 52 46 15 76 46 69 86 7 43 52 55 35 17 20 44 64 69 26 50 63 65 2 31 2 23 21 26 65 41 96 78 66 85 86 36 82 68 81 63 71 10 0 9 3 46 17 84 83 45 57 78 66 72 34 47 29 39 98 6 47 84 37 99 45 21 33 20 47 28 54 58 55 61 50 35 56 45 23 54 40 54 71 16 66 22 45 38 2 78 85 24 
7 36 22 61 92 89 93 76 72 37 36 87 59 72 88 18 17 39 95 56 69 32 38 59 28 32 38 58 66 7 68 4 18 9 31 23 85 63 25 39 88 20 65 14 27 56 20 69 30 96 93 28 35 36 39 3 63 1 30 9 43 94 85 71 11 26 43 6 53 57 57 93 23 53 76 34 74 39 52 76 64 71 4 80 66 81 59 68 55 58 64 44 49 51 46 0 78 9 94 43 
36 98 69 99 89 79 83 41 97 7 58 92 66 49 41 90 54 3 92 47 41 31 45 63 78 70 89 19 51 59 37 88 65 34 57 32 67 39 2 69 84 7 72 28 56 30 79 59 79 74 84 48 80 59 84 50 68 4 48 85 99 35 7 66 98 13 61 53 16 77 94 72 59 51 88 89 14 25 31 79 40 82 9 86 32 79 62 65 40 3 34 50 29 43 74 81 5 87 41 25 
80 48 43 40 1 95 53 14 13 39 12 34 78 43 37 41 21 91 66 68 62 33 54 8 26 99 43 81 67 49 57 68 8 73 64 31 71 56 34 55 20 67 27 76 33 6 94 14 4 14 85 47 34 5 46 45 12 85 76 58 76 49 45 71 31 24 89 63 9 52 37 65 67 27 15 9 60 82 50 32 80 57 86 89 55 35 13 89 9 35 29 56 43 33 1 57 9 60 36 53 
83 1 77 23 3 0 1 97 33 43 23 71 57 36 86 40 66 20 6 39 36 26 13 46 21 8 21 43 26 58 46 69 65 70 78 14 67 69 21 19 78 85 31 16 48 6 65 66 59 42 71 35 34 21 97 70 66 38 73 40 95 86 29 51 98 87 43 1 87 0 94 61 84 96 77 90 88 96 26 9 18 75 99 6 70 49 0 66 70 23 98 41 83 15 97 11 59 64 82 5 
87 78 16 81 18 0 36 74 73 98 93 83 87 93 14 71 20 66 91 24 97 96 90 1 34 30 17 68 40 33 94 64 64 6 8 0 22 57 14 47 15 59 3 65 5 70 84 43 36 3 45 6 70 43 86 16 56 79 70 28 41 23 59 21 69 66 82 87 62 92 14 10 91 40 44 39 77 73 29 1 71 61 75 9 26 74 66 83 22 65 52 69 29 64 85 73 78 75 1 60 
19 24 72 85 20 9 71 25 11 54 32 77 11 75 36 29 9 44 95 57 27 45 37 89 2 98 24 94 3 60 33 72 85 65 52 51 22 21 84 55 34 98 95 44 59 91 65 86 39 21 63 54 44 91 4 6 78 88 80 96 85 35 31 79 68 35 65 45 41 69 92 49 36 43 29 69 20 43 21 32 76 17 83 87 59 38 51 25 74 90 85 90 43 93 47 97 43 2 93 10 
82 68 7 27 83 79 50 25 40 7 25 79 39 65 56 95 6 27 74 99 89 96 87 44 2 33 92 57 47 11 23 59 44 35 96 24 8 13 23 63 54 17 53 19 49 47 96 23 12 37 10 2 41 63 78 39 68 44 27 37 4 60 63 18 92 18 64 50 27 97 90 47 74 18 16 39 46 33 9 78 42 73 11 19 80 25 54 74 39 34 87 32 22 11 57 58 40 89 98 79 
87 99 52 46 97 73 54 97 49 61 77 97 23 19 44 74 7 96 11 13 15 6 97 29 0 47 61 0 14 39 71 8 78 75 53 91 49 84 12 47 40 29 82 31 67 75 85 90 5 35 17 93 34 45 72 49 56 8 59 43 77 85 79 90 18 18 85 31 9 76 86 62 37 37 98 44 46 48 31 81 92 82 81 66 70 95 49 45 32 26 55 36 46 74 24 71 88 82 68 21 
94 37 35 11 33 23 67 45 45 15 42 14 10 85 77 90 98 31 68 23 13 5 17 14 95 96 45 68 60 81 55 93 94 74 36 28 92 72 92 1 7 51 65 32 20 1 46 40 22 94 12 64 58 26 54 21 31 0 28 49 65 90 96 12 20 40 88 50 93 5 20 61 92 93 45 28 66 44 28 21 79 16 73 36 57 52 80 14 83 29 17 98 48 45 80 73 92 2 64 85 
94 81 93 8 64 37 53 23 36 48 72 35 88 44 68 19 16 18 76 88 20 89 29 78 73 90 99 25 98 93 15 53 37 51 26 6 48 47 6 11 57 92 48 1 37 71 9 65 84 26 82 40 99 89 76 43 20 14 82 91 79 5 14 1 71 22 14 40 95 90 3 1 26 71 17 44 30 53 3 93 33 3 43 53 59 88 77 92 61 83 79 59 98 70 64 47 31 3 63 49 
61 18 9 73 91 0 60 75 32 49 46 17 26 26 61 59 73 31 16 64 91 39 64 26 88 15 86 10 59 27 56 42 83 61 99 95 52 36 11 31 62 24 43 36 33 13 81 51 84 14 34 33 7 17 51 8 23 81 71 33 9 59 81 18 88 81 54 79 61 12 52 39 16 42 26 73 84 82 88 40 96 32 23 45 97 69 22 3 73 43 20 82 70 61 50 17 72 47 10 17 
5 33 65 51 95 26 86 97 68 72 40 71 17 54 54 5 65 47 55 29 30 54 45 19 46 71 91 24 47 86 62 64 81 2 48 20 2 89 24 97 88 66 10 51 35 84 4 41 14 15 88 98 16 90 97 45 80 12 56 46 82 47 38 18 5 11 71 13 57 51 55 15 42 67 55 12 3 38 20 45 30 14 27 29 85 66 76 36 2 72 77 8 4 78 95 81 13 20 64 35 
32 63 80 56 8 40 73 59 12 31 35 25 63 70 14 98 12 59 47 76 70 84 74 57 81 74 9 55 40 21 46 53 28 74 10 60 75 2 54 83 75 7 52 73 62 65 20 10 61 93 2 1 73 94 59 41 90 52 87 2 0 82 12 99 64 55 2 63 55 22 16 61 39 40 16 13 54 18 0 32 97 91 20 91 42 60 60 5 46 32 1 23 87 72 92 42 76 64 27 64 
56 26 93 44 7 68 19 68 29 9 92 77 83 26 81 2 59 64 69 44 9 45 80 26 41 93 9 93 29 22 14 13 89 76 88 4 14 15 99 36 25 7 47 59 11 54 75 69 38 72 74 83 87 0 44 59 16 99 83 25 14 76 31 93 71 63 84 82 69 87 7 99 55 70 21 9 70 39 47 90 40 7 55 13 49 81 44 10 18 57 69 65 31 16 25 47 18 3 51 42 
94 41 17 91 51 40 53 77 58 52 23 23 69 46 24 62 46 95 77 91 4 35 85 6 20 95 8 85 90 77 64 74 0 60 81 38 84 11 53 91 25 29 47 82 61 11 21 59 98 15 78 58 94 78 98 58 78 49 69 77 26 47 86 72 16 26 80 81 63 77 56 23 35 91 94 81 23 76 19 36 93 13 36 58 0 64 72 8 64 97 96 52 20 19 31 32 28 48 14 96 
57 57 2 14 58 70 69 33 44 51 56 71 32 24 2 17 54 43 35 45 14 83 44 62 90 8 18 33 82 10 34 3 83 59 47 16 60 62 56 46 8 6 53 38 46 33 73 49 19 18 27 83 57 65 89 3 4 18 7 3 77 7 65 78 48 60 71 79 84 70 66 20 99 44 7 21 16 71 97 52 40 49 40 34 24 97 21 15 36 33 86 59 62 96 82 57 23 14 82 34 
47 83 91 51 88 93 40 99 4 32 21 92 33 48 78 61 95 80 5 66 16 45 39 28 68 1 57 35 75 83 16 74 84 93 96 27 1 86 69 96 52 10 9 58 9 7 13 64 38 85 11 0 34 6 5 42 55 25 72 2 73 18 33 73 99 99 12 36 12 93 3 1 23 53 94 14 38 6 21 68 38 9 47 81 32 97 34 74 87 65 56 41 49 91 9 47 16 50 84 9 
30 24 4 45 66 38 67 64 98 58 42 4 62 92 52 16 82 57 61 84 69 32 36 51 98 30 16 66 91 66 12 36 6 54 98 57 40 5 22 16 70 34 36 52 30 73 55 95 82 26 50 18 20 83 90 81 57 75 14 13 65 2 83 59 78 87 39 28 85 22 16 70 6 33 59 61 6 53 96 72 66 72 93 63 52 2 2 48 51 19 72 1 73 59 30 84 88 83 25 38 
17 4 27 93 97 17 88 87 51 60 1 40 23 91 87 48 93 89 97 50 62 48 36 4 72 60 48 33 5 74 11 76 81 68 63 71 80 2 9 8 44 98 25 92 73 83 58 67 4 99 66 84 78 80 59 10 48 86 49 63 41 60 76 29 48 37 31 94 15 58 59 15 69 14 54 10 52 25 11 79 88 5 10 54 29 50 9 50 99 77 35 54 83 62 50 37 42 80 68 80 
78 19 30 65 15 8 16 15 79 15 46 41 73 38 29 8 69 82 75 32 57 37 39 42 36 31 76 77 15 49 61 71 61 51 31 72 1 82 4 35 43 51 27 72 0 19 6 97 63 76 27 97 8 17 3 11 65 15 89 49 32 59 31 68 31 76 48 3 51 6 18 21 92 84 74 41 96 0 33 59 31 17 14 68 94 42 63 13 43 50 91 80 24 16 77 0 74 73 34 67 
2 16 53 3 58 30 68 31 21 64 35 9 24 55 65 21 78 15 31 75 9 60 77 54 35 25 12 13 16 42 34 7 64 85 9 72 49 17 19 50 27 81 28 54 72 60 66 61 53 65 61 27 30 89 11 3 98 61 11 63 97 43 22 28 55 5 63 19 48 10 96 47 47 8 63 91 65 43 67 71 13 88 92 91 25 46 13 12 96 54 71 64 63 81 16 93 95 68 91 46 

=============== SECVENTIAL ===============
Elapsed time: 2
56 87 66 169 100 148 172 33 75 43 126 111 80 50 92 54 139 100 154 73 113 72 113 130 100 88 72 30 147 122 48 48 163 46 90 91 82 175 57 40 81 36 75 117 66 136 69 117 123 100 132 173 65 75 124 61 51 30 68 86 177 121 98 111 73 73 32 78 74 45 88 113 47 134 148 90 141 177 88 103 34 48 16 137 94 96 182 86 92 67 143 81 97 67 108 70 123 50 100 146 
126 95 104 145 51 151 98 113 25 51 73 70 36 141 67 111 87 51 127 50 149 138 71 39 128 189 64 33 69 113 70 75 118 115 69 134 109 158 75 87 44 144 90 99 79 123 67 33 165 78 152 99 61 51 15 163 117 38 36 77 174 58 90 73 75 133 95 150 28 140 135 60 146 47 159 61 152 31 29 84 56 163 116 138 82 71 27 139 120 82 58 99 143 58 125 55 157 123 106 118 
96 93 168 188 106 190 110 130 134 9 37 128 95 25 107 159 69 73 119 158 66 107 85 93 107 95 105 150 135 107 106 133 100 78 85 19 44 108 75 123 143 131 128 68 106 89 101 138 93 45 28 151 60 85 76 36 107 88 163 23 103 108 48 81 31 147 122 97 101 126 68 77 144 50 56 82 102 37 69 26 67 97 104 51 119 48 181 114 178 133 48 124 101 142 25 83 100 86 80 154 
53 127 142 130 156 160 23 160 114 119 81 112 182 113 164 65 50 137 147 59 86 84 102 45 109 82 122 155 112 159 133 152 76 195 150 91 99 84 8 35 168 47 104 96 107 136 140 102 102 126 102 13 64 117 103 120 82 134 65 105 141 179 134 131 144 54 50 24 51 114 138 63 165 156 98 125 97 38 121 147 85 167 162 71 98 56 81 163 131 110 67 161 51 189 171 67 140 102 100 48 
106 34 111 96 48 109 115 106 129 90 169 123 67 126 111 80 55 123 31 63 53 140 161 95 95 92 182 34 186 140 134 28 84 146 26 102 119 136 95 143 127 56 57 113 119 48 129 117 45 30 69 27 115 102 98 130 87 167 111 81 95 102 78 132 122 35 99 124 122 149 46 26 126 169 19 53 162 79 116 74 74 38 82 94 138 132 38 72 63 131 97 66 186 162 175 96 92 123 77 151 
139 120 89 7 123 92 63 124 95 85 157 3 158 69 149 177 109 144 160 38 107 78 182 38 124 115 40 124 105 73 90 162 75 99 89 86 121 153 136 91 36 161 78 167 102 57 46 132 65 140 122 23 81 60 44 105 80 122 115 128 121 169 85 52 116 99 86 98 153 56 120 129 70 69 96 144 137 101 177 72 78 135 127 74 49 67 70 107 159 108 111 51 106 115 14 138 30 97 74 113 
194 90 126 68 103 164 72 96 113 78 170 141 94 110 83 98 166 138 56 19 137 139 60 94 73 109 109 148 140 112 32 165 125 91 138 48 86 64 88 84 35 103 49 67 188 31 149 65 40 126 17 46 80 128 114 112 73 51 139 74 139 76 37 100 105 109 51 169 105 85 174 140 101 133 47 65 66 149 156 85 80 149 112 20 90 133 65 23 176 77 130 87 170 142 98 127 80 137 101 161 
150 55 52 100 50 30 174 97 125 121 41 146 150 46 102 25 184 113 77 86 34 136 91 144 59 153 158 110 115 45 45 65 185 160 36 103 96 180 143 161 136 117 97 146 138 33 132 117 91 121 162 124 65 111 123 126 63 162 25 65 128 98 83 103 167 156 133 59 121 86 94 94 96 67 129 52 175 95 58 104 77 135 180 51 118 142 88 52 49 84 119 118 63 166 164 36 139 35 123 117 
109 108 88 100 85 83 35 110 46 70 113 81 110 40 100 112 131 134 19 63 82 115 99 62 88 104 82 43 99 85 185 81 157 155 104 42 129 147 100 120 133 132 103 137 46 22 104 146 111 142 54 67 44 86 51 95 193 109 182 102 80 119 81 131 92 106 133 62 79 129 85 119 83 161 145 148 116 67 78 95 100 79 61 156 95 89 110 98 65 119 112 136 57 124 66 90 88 90 157 174 
77 29 101 127 99 40 99 58 100 30 128 102 196 95 55 58 54 108 96 130 122 132 97 144 107 158 37 168 130 82 167 115 143 85 155 42 131 101 118 127 75 122 140 95 59 56 62 100 118 151 21 97 153 63 91 91 64 117 47 142 145 126 111 78 27 19 116 119 121 72 93 86 149 81 180 171 14 169 113 84 126 142 90 12 172 116 97 85 121 109 100 108 106 119 64 117 135 143 149 85 
101 174 147 156 153 86 102 68 89 31 88 144 15 32 76 115 98 161 38 33 99 99 25 61 160 19 164 56 99 191 137 17 191 94 110 61 132 68 133 141 95 152 94 73 162 144 87 126 85 67 92 104 168 40 123 147 92 105 142 53 84 137 140 62 122 132 149 65 57 79 93 101 165 142 51 75 47 90 76 36 162 179 102 31 96 110 135 117 149 122 98 30 158 76 134 166 90 184 156 104 
105 119 6 106 106 158 124 113 66 105 44 12 105 114 132 87 37 102 151 138 61 87 121 87 148 120 154 48 64 68 143 81 71 98 84 70 71 124 76 121 109 113 172 122 92 108 122 31 98 81 41 111 105 65 189 134 50 46 75 86 140 25 69 33 76 133 107 106 155 31 67 89 173 59 135 161 153 62 108 126 94 117 31 92 79 96 75 85 89 134 154 96 74 52 168 80 168 115 35 90 
90 135 71 58 154 126 100 137 109 152 89 156 11 140 119 73 134 122 75 30 132 54 48 119 100 95 107 98 170 40 144 41 135 71 41 59 135 165 32 140 41 89 99 116 56 57 167 61 124 56 150 175 73 72 69 99 149 71 83 103 131 104 70 169 97 67 85 91 100 46 184 121 52 127 121 139 94 86 113 177 146 68 178 114 154 67 29 33 139 110 98 87 89 55 105 76 108 79 64 153 
7 157 91 27 111 48 84 61 152 135 164 58 111 108 45 85 163 32 88 50 127 103 41 157 124 143 74 99 78 135 65 115 125 142 57 147 105 78 126 106 176 62 63 86 105 72 165 52 125 153 106 164 155 125 184 98 64 116 131 166 72 169 159 95 137 35 162 85 48 120 88 25 42 128 101 125 29 115 99 169 103 4 80 104 107 143 76 178 63 46 166 80 74 134 128 109 124 70 118 149 
97 44 156 183 144 31 107 33 54 152 129 66 59 120 141 26 103 27 131 121 113 67 133 67 142 88 43 104 185 101 129 99 106 65 90 185 75 177 121 59 109 141 31 24 19 130 132 98 88 49 187 182 32 152 102 161 103 78 20 87 134 59 99 90 169 113 88 65 94 33 117 155 108 86 48 155 87 101 103 150 132 82 107 86 47 119 123 99 150 160 186 112 83 65 36 107 87 113 19 128 
59 142 91 38 111 155 95 63 43 49 37 142 96 160 130 177 156 122 90 41 114 90 71 137 113 89 84 118 85 98 85 113 91 173 97 128 105 109 60 123 57 135 77 47 143 109 94 111 136 36 134 122 41 13 106 163 96 74 48 127 114 24 72 101 156 116 157 172 91 59 143 117 87 85 113 165 18 92 185 124 114 118 146 20 152 176 175 134 155 69 66 162 100 38 63 93 161 171 73 106 
40 125 128 19 133 117 144 138 180 58 26 96 155 118 97 133 74 71 126 97 82 161 156 90 151 42 98 23 124 139 103 148 85 144 75 22 144 71 106 97 72 102 65 39 122 159 72 118 47 143 188 122 119 114 60 113 100 120 92 68 150 156 133 90 42 147 60 153 64 23 139 29 160 72 141 112 96 166 59 155 157 187 63 83 44 140 23 125 135 181 116 123 106 92 89 96 90 110 52 58 
68 119 51 95 99 137 125 92 37 132 80 56 150 112 88 77 97 133 131 127 150 31 95 26 169 115 73 182 38 66 177 91 120 44 38 134 131 156 77 103 75 19 63 124 111 125 95 148 103 42 84 79 84 184 110 148 154 167 83 99 73 133 144 102 78 91 29 48 136 6 66 141 85 120 54 177 166 166 157 44 97 56 36 16 119 84 121 84 42 36 85 48 120 86 38 117 156 183 61 100 
55 153 117 129 90 116 167 85 90 92 140 176 105 68 104 111 148 81 93 115 141 118 41 77 78 83 153 157 86 184 122 53 107 111 54 56 80 105 60 34 189 88 70 86 92 109 59 45 123 73 147 60 117 106 154 126 101 100 43 25 165 135 109 136 109 102 90 159 126 103 62 181 108 87 173 84 169 115 129 64 62 28 143 56 130 78 72 107 126 85 91 108 164 95 123 113 45 133 27 107 
1 130 102 5 130 117 122 94 126 55 70 65 99 36 122 80 108 153 99 87 147 122 176 145 133 124 69 23 70 122 111 168 108 124 114 84 64 112 67 114 115 92 82 52 74 108 70 82 73 156 51 36 108 136 68 92 93 42 98 104 69 70 96 102 37 133 144 83 58 39 92 174 156 162 125 71 171 124 98 95 148 94 61 84 72 113 146 73 91 94 97 119 166 111 136 135 72 22 115 106 
90 190 48 56 119 85 167 82 121 88 113 171 34 51 151 60 107 72 126 169 53 152 33 39 120 42 112 95 91 82 50 101 27 45 95 142 150 42 96 130 53 102 77 98 142 131 97 80 171 111 135 91 111 34 30 188 58 88 53 30 111 57 123 64 107 161 42 109 110 81 125 44 62 18 53 123 57 167 122 47 82 94 99 89 117 114 106 124 100 169 134 108 71 71 84 106 118 114 100 136 
130 80 137 96 108 129 92 27 170 98 135 31 116 102 141 16 133 80 163 78 6 43 31 121 129 137 131 41 66 154 133 134 51 25 83 93 137 126 44 162 75 56 37 102 78 61 37 144 97 26 85 134 34 100 116 180 126 158 116 83 61 119 50 99 84 112 128 120 123 152 124 92 129 107 41 129 139 113 64 109 141 134 104 95 124 175 168 98 156 91 37 160 136 44 91 69 82 151 149 70 
155 74 148 49 158 43 89 96 77 29 132 63 170 155 36 157 115 85 86 111 150 94 90 99 129 22 157 88 101 48 13 33 156 89 156 32 42 88 187 74 89 78 14 121 88 121 125 71 65 42 87 99 9 102 161 48 163 52 106 92 92 189 123 90 102 108 52 3 109 76 106 29 106 111 54 149 186 105 88 173 131 87 92 46 128 88 38 110 120 173 83 116 119 69 96 104 63 172 92 76 
110 38 122 115 98 124 137 56 138 58 98 54 79 140 33 76 134 125 147 43 112 68 104 126 167 134 150 120 140 156 61 140 145 21 147 109 81 130 133 121 52 165 136 152 44 122 82 113 78 114 126 108 137 159 142 108 179 144 73 110 91 80 85 114 99 127 133 135 88 143 85 120 128 97 44 108 35 76 72 103 128 118 101 12 16 57 23 55 121 123 60 119 52 75 61 92 84 156 71 125 
67 54 137 105 173 101 91 126 64 135 185 86 89 127 86 33 167 97 22 87 27 68 74 116 167 77 130 56 112 172 119 182 100 132 172 77 66 55 78 122 94 26 30 74 136 81 35 130 107 17 47 80 129 90 31 4 95 69 106 36 89 135 124 104 118 95 108 133 44 59 64 95 150 137 93 97 126 136 110 110 136 180 177 81 40 77 151 17 124 107 154 46 73 110 107 97 52 54 63 150 
86 73 48 91 160 116 106 96 14 161 37 169 131 84 66 84 115 90 35 137 95 116 43 63 100 85 58 157 48 145 88 127 145 119 87 99 166 76 112 85 114 105 70 178 65 81 69 123 100 107 116 89 48 22 116 174 137 114 58 119 149 185 75 142 156 66 150 39 62 135 49 69 135 42 47 50 85 58 118 91 32 118 86 68 107 180 97 64 85 38 127 123 172 121 55 93 80 79 104 68 
181 89 119 60 96 137 122 61 166 96 101 87 29 139 35 133 110 31 77 98 184 115 154 140 156 181 103 106 77 97 149 150 80 104 121 62 99 80 114 60 171 92 147 73 107 81 57 92 144 113 138 58 53 159 45 64 154 98 56 167 165 77 53 86 129 59 127 110 116 66 131 147 38 94 101 151 133 112 64 104 111 29 67 49 77 133 101 116 113 111 95 93 143 82 140 181 188 147 184 121 
124 56 101 19 174 117 94 67 64 45 66 107 99 56 64 150 79 131 43 71 123 112 172 143 129 164 102 117 125 170 43 100 119 184 112 29 77 59 81 87 111 175 134 26 53 84 154 94 108 128 54 31 141 130 156 119 88 51 91 95 95 59 56 52 80 80 73 56 131 97 111 84 76 30 130 116 84 28 186 82 151 89 69 147 110 84 77 143 87 124 75 99 41 122 123 100 92 56 110 106 
76 45 91 105 92 42 101 116 85 137 39 64 49 141 118 98 171 74 133 188 139 62 82 132 99 127 149 131 126 98 52 96 11 36 40 12 130 104 22 89 72 49 145 137 98 56 100 66 116 33 150 174 64 158 137 115 101 119 40 168 162 81 143 90 107 112 84 119 39 47 171 93 105 175 110 96 157 99 95 76 35 112 117 45 88 110 107 45 65 97 17 24 21 130 59 12 20 144 89 139 
73 75 119 166 15 163 103 136 47 173 135 107 103 151 99 152 94 48 131 55 102 102 80 119 95 106 85 62 149 92 137 68 144 52 106 156 158 82 73 17 122 146 72 65 18 50 82 129 116 47 66 148 42 101 114 73 136 142 79 55 93 40 54 102 55 83 64 109 67 59 102 141 181 131 110 115 101 146 124 114 150 84 109 82 86 130 121 38 80 49 51 116 124 118 107 89 79 52 145 147 
118 166 132 40 119 114 153 90 82 146 136 67 126 178 67 127 117 105 28 33 109 28 36 102 139 67 52 64 47 89 93 167 113 111 118 106 114 110 5 192 108 90 114 138 114 193 107 85 153 159 122 175 125 97 134 123 81 129 40 100 140 68 57 22 88 103 55 146 97 32 130 134 66 191 99 58 126 186 60 77 103 111 133 132 95 127 156 139 88 55 134 97 143 125 64 69 147 90 109 133 
50 154 132 131 47 160 97 114 75 103 94 47 93 73 100 68 65 91 144 20 33 61 90 107 48 82 20 63 60 126 139 184 109 107 84 13 123 137 64 83 97 83 87 59 90 89 31 163 140 115 121 111 99 115 116 74 127 77 89 98 178 145 77 113 136 112 164 129 116 63 66 150 167 127 193 107 65 177 121 32 39 118 135 76 135 66 180 45 38 49 76 159 142 66 71 84 81 152 170 23 
106 81 86 109 133 33 88 103 132 86 64 112 68 120 94 48 80 25 158 157 79 143 102 127 32 77 164 87 91 122 68 88 130 151 69 144 164 89 112 20 137 161 83 135 103 50 106 87 71 128 167 134 31 97 96 164 47 67 50 141 82 133 124 120 73 34 117 41 119 101 81 51 188 8 142 81 58 103 147 23 115 108 37 120 40 106 97 139 95 168 108 93 114 130 24 132 151 93 67 62 
172 19 87 172 156 100 97 138 102 87 121 34 90 84 46 114 141 95 97 67 77 118 54 96 113 68 182 105 97 112 112 75 101 177 164 54 174 63 157 106 174 31 189 73 33 72 167 150 120 142 36 77 69 94 145 118 90 100 170 89 158 79 103 86 66 174 59 38 86 63 80 68 83 38 105 28 83 110 124 14 118 89 150 62 170 137 143 79 78 75 97 45 95 51 67 174 72 175 157 85 
152 22 159 121 107 117 122 15 72 98 79 172 106 8 99 104 69 75 113 95 113 63 114 113 75 56 90 91 90 123 54 101 126 71 74 65 135 70 177 174 69 24 123 130 157 78 154 72 118 115 91 108 106 4 112 84 31 96 158 128 102 155 163 123 58 92 130 144 156 78 136 100 70 69 94 140 174 134 138 102 115 124 107 114 98 178 187 100 3 108 129 62 138 44 175 61 116 66 101 145 
184 135 89 111 39 127 147 80 127 43 144 105 23 100 41 58 128 111 116 46 186 126 50 61 62 76 81 159 75 127 106 125 95 135 66 45 159 105 50 68 152 58 121 86 100 39 172 165 85 107 96 106 142 123 113 61 98 132 75 90 132 181 85 109 127 82 105 74 18 160 95 105 94 138 97 129 71 80 126 66 8 115 26 101 76 81 69 86 112 113 144 159 51 106 136 135 72 112 81 85 
62 99 26 175 73 43 148 106 19 23 181 91 115 149 78 127 69 63 137 43 54 32 139 110 155 145 24 87 50 117 98 98 177 38 123 70 36 58 70 100 129 141 84 62 59 84 90 61 155 46 18 49 64 68 122 186 4 151 85 179 83 90 84 43 95 106 66 149 43 185 88 101 76 61 103 45 38 61 60 128 176 152 44 116 163 62 140 137 67 47 160 70 90 170 115 113 132 118 155 150 
132 122 133 164 69 22 113 113 184 197 114 58 144 67 106 56 131 76 101 125 60 141 64 115 113 65 167 153 45 74 58 171 101 137 92 107 84 87 41 28 25 113 58 136 132 142 93 73 107 36 185 55 154 130 124 91 65 116 100 50 19 18 100 141 110 56 118 134 24 142 111 3 139 117 170 37 36 98 51 102 87 174 57 119 150 37 92 70 100 90 50 59 103 75 155 104 68 81 84 170 
74 79 106 53 80 152 84 195 119 26 58 93 177 37 78 77 84 163 53 152 138 123 85 103 135 40 108 99 94 24 93 107 49 99 166 85 113 110 78 72 71 117 59 92 111 113 112 73 146 94 40 168 86 83 142 143 111 45 148 68 74 84 121 82 117 160 97 148 159 51 150 61 61 50 183 119 121 94 85 106 70 124 97 71 189 88 115 159 54 51 89 101 69 157 116 179 80 144 88 154 
48 19 112 74 86 55 144 188 108 105 127 53 117 43 65 50 138 131 26 34 101 29 97 99 106 127 89 115 59 50 76 38 83 172 30 142 92 89 100 169 79 49 130 94 80 38 30 46 130 29 109 130 151 95 19 119 95 27 71 80 109 135 115 101 181 190 60 55 101 82 90 116 140 51 144 188 58 47 78 139 140 83 114 86 64 86 158 107 72 164 118 97 140 115 99 123 138 129 148 111 
146 99 117 111 84 141 169 109 141 106 106 109 29 76 59 82 174 121 156 47 137 86 142 66 184 159 38 88 54 123 166 79 106 126 175 70 102 93 36 163 93 72 75 54 109 165 150 120 67 108 96 136 112 102 56 101 111 163 98 108 167 140 104 127 26 53 147 159 140 71 70 91 79 131 123 79 183 105 157 103 96 100 162 175 91 95 81 105 123 36 110 103 96 116 123 119 106 11 37 121 
58 89 52 81 59 121 140 101 48 68 98 62 72 132 78 125 159 97 53 62 124 153 94 112 99 84 107 163 32 178 89 175 124 81 113 77 55 110 133 32 123 82 143 96 83 108 144 157 103 93 116 147 119 92 113 128 145 72 148 86 111 21 96 107 116 50 109 147 114 180 94 124 153 113 154 91 170 36 124 129 96 98 139 24 142 141 97 124 185 67 103 70 141 113 108 99 76 73 156 42 
90 53 138 143 57 102 123 88 94 85 90 39 133 99 121 127 77 107 73 149 88 76 106 105 118 105 121 107 100 72 142 132 108 56 135 78 176 146 28 71 183 166 58 105 67 143 85 108 72 29 169 142 105 169 155 47 140 121 69 189 89 145 167 90 47 134 129 59 14 22 129 76 98 19 60 132 102 68 172 4 189 148 29 178 109 61 72 158 64 78 96 75 47 140 91 108 96 138 142 103 
74 37 108 102 103 29 65 100 97 94 59 100 84 71 61 88 134 117 123 28 32 115 21 131 149 144 22 34 110 96 107 93 84 67 181 95 113 107 124 81 132 93 165 110 132 63 149 101 100 80 147 118 56 64 47 115 117 144 61 19 126 165 120 147 121 93 150 44 105 74 24 46 176 34 166 35 89 118 26 105 147 126 144 37 47 65 20 104 31 115 125 133 116 59 129 96 25 101 41 97 
101 140 139 88 96 160 138 85 97 59 138 64 106 128 74 127 114 72 150 69 27 82 50 105 75 101 91 127 68 146 28 127 61 76 82 124 106 59 108 113 62 18 18 98 150 129 108 69 36 121 62 104 32 52 150 95 83 32 136 93 44 78 37 127 136 162 153 196 84 108 67 83 32 148 110 162 69 73 112 86 111 120 109 87 45 78 60 127 141 106 153 57 88 121 82 119 78 66 130 24 
130 78 139 98 16 120 107 101 167 61 150 147 125 131 82 52 71 186 57 84 49 110 187 164 102 75 153 59 97 110 85 94 161 82 52 144 126 34 63 131 47 100 96 32 109 74 69 105 145 90 134 140 59 137 169 67 99 120 120 40 159 87 118 108 64 134 155 143 173 127 108 68 126 134 111 70 114 82 106 62 28 105 106 92 89 93 158 145 94 89 173 67 96 67 157 8 113 132 65 68 
141 153 69 27 95 111 111 134 58 165 144 81 56 76 101 120 158 92 112 64 160 41 110 83 170 91 102 168 85 175 103 163 100 91 18 125 168 40 132 159 95 113 150 72 88 181 151 52 112 130 101 63 116 117 105 98 119 41 89 60 94 36 70 128 112 98 66 31 134 76 55 63 130 129 64 28 176 100 120 91 88 165 60 65 83 20 146 70 118 123 146 142 68 125 82 23 117 112 79 79 
99 112 130 147 133 82 54 85 20 183 104 135 121 132 154 133 41 153 123 65 99 144 85 56 130 77 137 91 116 76 108 118 78 118 103 139 104 127 125 31 62 100 39 93 32 168 63 108 32 135 60 124 182 102 58 64 117 93 98 21 89 47 69 111 65 173 128 80 82 77 107 166 140 162 53 77 116 31 98 131 18 80 103 59 164 113 118 88 160 127 58 177 130 27 141 111 14 121 131 99 
116 122 181 41 103 133 170 67 134 148 63 79 52 56 116 81 55 104 115 36 57 94 58 110 175 99 135 79 114 162 35 166 85 32 119 25 82 78 2 91 53 135 126 171 127 47 105 136 53 122 122 82 129 83 53 146 192 136 60 65 35 106 35 154 97 66 130 86 106 73 101 64 106 160 156 74 93 58 123 109 47 66 40 128 163 68 79 147 134 180 98 118 151 22 69 69 174 100 128 76 
151 59 195 68 149 128 191 107 54 68 15 92 172 170 131 48 108 131 100 102 166 146 74 58 91 109 136 147 6 127 123 71 11 117 132 37 149 86 84 123 54 57 51 118 133 82 117 108 94 104 128 47 76 50 52 101 64 174 148 154 126 114 5 55 113 139 61 96 131 39 175 38 56 117 128 143 101 182 101 72 57 45 27 114 100 105 38 70 89 88 65 161 72 58 85 87 91 53 77 101 
129 106 93 164 148 74 127 80 89 135 31 122 92 88 49 91 148 82 39 26 79 164 115 136 59 154 103 132 181 22 83 131 107 187 92 169 91 100 87 102 105 55 122 129 108 153 150 86 43 65 145 85 112 52 58 85 93 86 86 114 105 184 96 75 85 102 107 108 57 75 27 91 59 141 132 84 144 46 130 134 96 138 171 123 25 83 114 127 147 110 72 97 65 63 46 138 49 100 145 114 
121 65 105 48 42 18 80 108 85 125 121 76 57 102 56 171 143 37 99 61 64 43 16 124 101 156 65 182 50 108 52 55 96 94 84 145 24 116 162 17 92 89 31 60 108 53 110 114 40 64 78 179 154 151 110 93 54 142 100 28 69 6 51 63 153 171 79 121 70 154 125 31 25 99 93 118 61 117 120 121 36 64 113 108 78 130 34 82 32 113 90 152 118 142 30 126 101 162 184 130 
115 181 80 177 144 102 78 137 15 100 54 102 153 97 93 138 54 103 80 71 118 78 71 96 116 158 76 31 83 150 142 185 163 120 124 37 99 62 92 130 128 121 123 50 58 121 103 110 49 109 61 14 136 108 39 20 172 111 79 23 60 24 105 65 60 79 151 101 36 87 107 117 145 120 149 76 34 132 105 127 125 83 151 78 143 118 114 105 181 22 170 63 144 21 137 70 104 135 74 95 
144 86 81 142 160 166 123 62 139 74 101 56 128 73 75 138 166 66 48 72 36 101 69 100 102 182 79 53 171 126 137 133 141 58 130 109 113 55 85 114 56 48 22 61 98 156 110 144 19 144 69 133 152 153 104 153 95 110 61 24 15 127 133 31 74 100 109 62 75 93 47 69 126 49 103 113 111 140 10 98 80 8 149 107 154 112 100 93 118 107 28 152 150 179 64 115 21 135 76 112 
75 53 114 83 12 145 107 77 69 167 72 125 141 68 181 91 173 176 51 139 24 105 84 131 47 83 53 55 107 70 150 89 104 112 124 100 144 189 111 12 61 155 141 88 147 34 44 117 107 127 134 72 100 128 30 77 25 184 15 119 159 75 42 98 130 22 130 92 130 120 155 140 98 31 87 101 45 33 185 133 149 176 73 76 35 177 124 140 98 146 68 121 46 38 94 90 67 102 36 62 
116 94 85 52 174 48 24 34 97 61 65 111 125 125 65 31 125 143 96 95 55 8 123 141 91 139 57 84 118 27 99 91 188 159 29 87 154 25 43 12 49 155 189 78 95 131 52 120 92 98 128 44 119 58 87 20 132 144 128 16 117 27 102 63 102 116 121 103 133 86 112 171 137 74 56 40 163 152 96 36 79 122 138 102 124 120 186 124 89 98 65 77 162 90 33 74 123 60 177 73 
127 183 18 103 89 134 169 103 156 122 128 12 128 193 164 117 127 66 131 133 195 110 133 116 121 155 115 67 123 112 103 56 34 77 76 80 139 183 86 64 66 43 107 126 148 163 145 74 82 181 98 51 114 71 145 93 81 142 73 128 136 131 131 118 124 87 94 109 85 139 30 75 46 90 83 14 118 120 61 63 56 60 115 70 97 66 167 111 98 160 140 67 125 77 99 13 50 121 103 103 
115 95 124 91 32 92 175 94 91 117 115 53 51 23 70 82 116 130 96 140 126 171 20 38 181 98 113 51 82 100 19 162 142 121 155 98 66 56 127 85 38 73 78 182 73 79 39 38 77 191 112 106 114 137 6 34 74 151 135 61 87 119 104 138 42 115 99 94 88 166 47 94 136 80 118 79 106 87 167 87 62 106 108 58 137 134 150 33 98 71 31 119 151 118 87 66 134 147 132 40 
98 107 123 114 57 52 115 115 79 100 132 49 11 25 63 116 114 89 84 148 109 15 11 105 107 74 40 164 94 65 91 32 105 126 67 129 92 69 165 56 91 113 107 28 85 182 140 88 95 34 55 142 103 49 57 158 118 101 128 2 160 71 89 122 27 119 87 11 129 123 72 49 32 94 117 128 143 69 102 82 90 46 47 98 90 123 28 64 145 90 125 105 186 91 74 129 113 51 87 104 
106 80 153 109 147 63 68 108 143 96 45 113 107 95 69 97 125 176 103 25 91 179 41 106 164 101 122 114 175 104 155 82 92 91 110 68 131 108 85 94 54 97 107 182 57 115 145 107 109 73 129 137 65 83 71 186 115 128 62 53 177 52 60 109 118 39 13 105 121 114 89 84 87 12 54 77 126 97 144 71 50 49 103 55 71 168 109 128 102 132 45 115 132 123 41 58 53 105 172 112 
52 93 98 174 132 103 30 62 103 126 148 126 172 68 49 163 84 134 75 89 87 157 114 81 49 192 128 126 169 55 105 64 101 96 106 78 117 84 39 132 126 90 124 53 153 27 89 43 32 40 107 157 7 64 90 33 136 139 89 88 49 129 74 15 39 159 152 38 94 19 85 97 94 106 95 137 124 100 115 76 77 33 78 153 53 120 114 132 56 109 85 21 156 129 73 130 80 170 24 140 
93 123 104 51 180 170 83 69 38 150 81 115 93 92 157 30 107 128 25 144 146 176 42 166 75 100 136 176 172 109 85 58 72 148 150 107 112 123 78 68 122 63 8 55 51 143 175 127 73 80 122 34 114 78 11 176 151 144 85 131 124 109 46 110 92 125 105 125 29 112 93 117 129 174 101 47 107 102 71 154 135 115 16 50 139 123 96 59 139 58 123 102 168 69 108 49 120 49 85 84 
84 122 133 89 18 173 94 106 61 105 61 133 63 132 179 60 74 137 72 163 89 24 141 100 99 102 139 66 25 129 175 83 65 144 114 89 55 104 113 181 23 53 37 69 63 139 119 95 30 42 109 98 154 133 82 111 94 87 150 163 94 64 140 110 122 118 186 170 129 45 135 104 165 76 123 58 55 166 92 88 71 5 70 101 84 137 19 136 144 112 126 149 88 87 53 83 186 12 158 135 
90 35 61 108 129 149 92 123 96 172 98 75 47 75 123 158 130 41 28 86 126 186 117 108 71 92 89 50 59 75 130 195 158 159 150 158 95 158 118 170 50 130 125 44 123 95 93 86 97 140 165 63 83 83 36 124 82 83 163 74 46 26 130 121 93 166 73 136 119 83 110 25 100 54 85 111 69 105 46 80 117 127 120 128 56 153 127 65 77 82 14 69 137 58 90 106 38 130 100 111 
122 120 49 69 68 135 115 51 109 150 51 162 74 144 97 114 57 115 104 74 65 143 82 158 164 104 146 62 142 64 21 101 22 90 73 74 126 189 88 86 67 152 96 131 114 81 68 63 101 87 50 65 158 53 42 156 147 102 135 153 83 125 79 66 21 135 71 132 102 69 137 86 70 133 77 34 116 145 115 76 133 53 83 36 123 76 129 83 140 41 127 195 24 114 130 8 187 82 64 70 
59 46 88 132 59 141 179 144 41 117 140 137 164 165 86 67 101 77 102 62 106 119 139 75 140 110 10 130 89 156 75 134 132 117 82 127 157 131 88 140 32 56 81 21 91 112 70 85 63 102 32 113 110 139 96 62 85 78 63 79 95 143 96 37 146 96 112 89 17 103 66 148 154 126 124 69 90 104 65 174 102 105 144 19 56 121 120 136 133 25 85 132 96 86 90 86 164 57 77 140 
66 46 107 130 46 75 131 57 80 76 130 112 145 18 59 126 87 66 101 121 188 11 108 153 105 121 83 81 63 131 173 97 122 134 57 60 126 137 156 113 125 49 121 159 158 69 138 103 144 120 65 120 82 96 113 122 125 72 67 158 95 87 95 105 78 81 135 123 151 120 110 13 150 74 82 179 122 68 46 114 101 58 46 90 93 14 98 126 117 121 191 162 123 40 153 37 124 47 72 147 
104 44 97 57 75 83 44 185 56 20 7 159 54 105 43 68 136 86 100 99 109 25 31 62 15 74 37 36 71 46 126 80 79 151 89 128 59 168 5 85 161 46 19 109 123 171 111 164 57 85 40 103 56 34 148 11 159 85 81 168 97 33 172 36 84 157 178 19 119 106 57 85 87 153 81 110 106 91 81 115 173 116 104 95 166 95 170 121 153 122 152 106 87 97 98 131 140 146 91 85 
70 81 86 115 54 98 18 111 86 26 50 96 99 90 62 43 101 144 84 100 119 68 123 54 75 68 29 62 31 135 95 104 105 103 157 27 81 55 111 80 188 146 54 129 120 139 120 107 103 53 95 119 46 80 99 128 49 81 130 194 44 91 119 131 40 97 174 117 74 143 191 125 164 158 132 60 119 68 64 98 151 108 69 147 145 112 104 124 153 124 56 51 100 22 112 165 178 21 102 98 
59 159 85 121 133 91 137 99 33 123 125 90 140 30 148 56 81 110 124 69 134 73 103 85 142 81 71 76 67 180 67 89 36 133 47 86 140 127 118 99 110 83 82 32 76 101 93 146 94 134 50 33 32 57 100 182 98 47 94 41 69 88 104 159 81 100 96 113 172 117 135 171 161 146 169 124 17 124 89 149 150 142 79 133 32 39 91 94 61 76 110 111 50 120 85 20 159 140 51 42 
34 57 93 30 115 140 133 186 64 111 79 180 88 112 123 117 82 144 174 49 123 105 100 120 117 140 152 97 90 118 151 53 105 108 30 107 138 89 66 69 111 98 98 145 110 36 86 38 78 107 80 167 124 157 114 87 109 56 90 122 73 53 88 142 83 97 84 139 93 133 76 103 78 117 40 86 100 20 146 168 106 107 135 76 56 144 98 91 172 82 73 61 21 69 134 108 156 92 62 42 
143 141 96 33 152 46 112 68 84 142 127 132 152 31 41 99 41 118 114 112 60 127 72 116 142 7 103 101 145 105 98 40 42 176 168 103 154 102 94 70 8 42 88 90 72 153 84 89 49 68 32 145 11 76 96 116 82 122 73 42 90 149 88 140 141 139 77 116 95 87 77 123 160 70 136 114 70 16 143 182 143 81 139 142 136 38 165 117 45 46 108 43 106 128 98 119 102 73 55 98 
155 72 152 130 161 148 98 60 149 91 34 134 89 14 127 122 26 153 102 107 118 75 109 124 167 100 104 90 98 114 130 36 64 121 76 51 55 91 93 83 73 87 84 105 152 82 84 107 59 115 124 118 69 46 85 132 121 63 125 35 120 118 151 121 140 159 94 18 105 124 141 137 131 134 99 67 27 97 54 79 164 34 112 73 144 102 149 169 61 40 100 131 161 86 156 70 96 81 98 145 
107 57 82 133 127 108 114 138 132 87 85 115 104 173 98 82 157 124 136 104 110 39 134 86 59 21 71 91 79 111 112 156 90 145 128 137 77 67 85 122 131 144 81 127 113 12 67 78 109 107 41 173 117 117 136 91 130 19 38 84 73 90 49 81 145 53 71 96 163 142 100 43 102 82 146 150 80 64 113 68 106 118 181 80 74 62 118 32 82 93 96 40 92 129 71 110 94 83 196 133 
20 130 119 116 114 99 56 142 111 64 73 142 75 32 129 112 124 92 148 38 41 94 121 68 26 112 131 96 127 171 68 164 66 89 150 48 82 146 99 137 97 44 87 126 46 138 120 131 72 148 138 125 78 122 76 25 36 59 114 99 128 59 95 68 33 53 86 158 59 133 91 116 168 85 44 94 137 119 30 96 106 103 125 109 90 90 120 121 56 11 54 127 146 104 157 54 22 32 41 159 
59 71 93 155 34 134 67 32 40 104 19 121 89 97 155 97 121 121 132 68 101 96 122 115 120 39 71 174 128 185 108 103 83 125 147 109 67 147 115 66 139 103 123 89 104 120 113 100 150 91 146 84 93 39 62 120 52 80 108 95 117 182 84 154 52 146 111 160 112 129 90 64 92 47 78 18 75 122 44 108 142 144 122 54 129 100 113 143 112 129 95 131 151 84 35 111 100 106 123 110 
116 75 59 148 65 124 100 126 78 78 98 101 160 62 66 122 120 13 37 142 80 148 149 105 70 125 146 112 147 185 41 100 124 45 114 92 122 79 69 156 147 117 89 59 121 38 78 77 102 111 113 69 96 36 56 176 155 35 31 59 8 84 88 122 124 80 158 130 140 131 45 91 118 62 96 101 144 129 26 67 21 101 89 74 122 62 140 136 125 100 178 129 20 94 156 27 94 59 105 79 
103 68 100 131 90 101 54 78 183 108 120 139 51 127 84 111 64 49 68 120 141 91 94 186 90 119 73 129 89 70 46 106 70 134 75 66 60 95 41 105 79 30 160 41 76 178 106 114 78 182 95 148 111 73 133 102 47 120 78 106 99 138 138 38 97 158 105 111 60 114 60 183 26 112 122 131 109 91 172 121 181 154 48 154 79 53 110 72 46 168 149 55 26 74 43 114 158 124 81 124 
101 36 139 39 96 161 172 144 34 87 86 96 101 82 94 139 11 99 133 69 49 100 66 44 151 162 98 91 139 69 56 45 59 121 66 31 65 89 140 167 162 106 121 61 153 126 102 77 97 100 73 21 57 55 31 89 159 122 147 141 68 154 111 75 43 100 145 82 123 168 132 193 125 37 90 82 65 115 61 93 125 143 58 72 104 104 120 89 104 83 131 44 74 87 53 118 32 161 96 115 
68 98 42 82 149 94 157 165 99 126 88 179 150 75 181 38 62 98 179 126 92 99 112 72 121 109 69 105 136 13 112 55 37 97 70 47 179 157 39 124 105 34 128 102 50 104 86 79 110 115 128 122 39 41 39 33 92 61 89 48 113 110 114 74 103 45 101 24 114 62 138 111 99 103 129 87 166 113 58 170 157 155 29 83 110 147 157 133 87 66 104 121 102 90 122 60 120 43 166 97 
84 155 144 152 134 86 116 82 184 21 111 148 134 146 68 182 74 9 144 131 60 40 90 160 115 108 109 28 59 118 56 110 121 76 152 85 82 50 18 99 156 68 98 85 150 105 87 130 96 107 175 87 137 132 135 96 84 29 141 167 109 130 82 106 107 58 65 108 30 87 192 162 105 65 115 109 72 75 92 125 42 122 18 183 114 125 131 119 99 80 73 54 50 124 155 111 35 171 77 103 
174 82 133 66 72 107 96 51 41 104 45 124 127 60 92 95 43 167 106 112 128 41 143 58 102 178 136 175 155 82 147 167 68 169 100 41 88 134 132 120 65 164 48 107 61 64 151 93 86 95 112 110 58 73 63 106 43 119 170 67 95 120 55 108 34 107 126 141 57 85 81 121 123 96 103 26 148 96 98 47 117 79 113 150 61 102 75 169 32 36 102 95 98 123 61 125 84 69 77 127 
161 35 138 103 80 95 60 113 101 100 85 85 97 122 146 124 122 119 6 51 115 40 102 98 49 46 112 68 46 117 105 103 103 120 103 78 87 90 59 39 169 176 35 25 125 85 158 91 153 73 110 58 61 79 183 74 119 73 158 67 126 103 121 108 137 106 51 46 153 95 134 70 108 168 132 134 186 190 72 77 54 171 158 34 109 137 34 105 77 88 103 67 162 33 172 56 157 135 168 38 
141 109 37 132 74 73 77 143 115 101 121 149 120 149 82 167 88 155 93 72 147 161 105 56 62 109 66 121 83 126 125 92 68 52 102 65 81 109 58 105 49 60 89 109 11 119 87 69 105 68 78 55 116 81 93 89 151 154 95 52 78 96 122 113 134 121 145 116 91 127 36 49 176 125 58 124 88 150 43 4 137 88 155 29 53 162 75 160 121 141 104 88 71 88 151 85 126 159 84 105 
80 53 97 128 71 47 88 41 67 124 50 150 34 163 94 84 45 99 120 119 67 120 106 95 42 162 81 175 76 90 127 119 137 127 75 65 82 114 145 92 115 197 162 75 80 155 122 162 133 52 154 127 127 190 97 28 170 123 150 169 101 36 60 140 162 98 131 94 70 71 106 80 97 139 78 79 87 133 82 48 153 89 107 176 73 84 67 114 139 113 115 98 53 145 87 173 130 84 170 49 
151 157 58 95 88 113 79 30 102 102 104 134 56 112 122 177 49 32 103 191 134 162 116 133 96 41 150 113 89 56 122 88 68 36 193 86 45 84 48 64 134 72 95 52 70 129 114 120 106 40 62 64 47 90 154 83 100 96 91 38 13 90 125 28 174 21 67 141 48 102 184 52 149 79 79 57 48 124 105 159 131 110 49 24 157 60 131 100 100 71 136 51 112 26 78 120 88 151 192 160 
99 170 53 59 131 163 144 127 53 150 85 120 77 106 87 146 17 152 84 47 75 105 179 75 86 114 132 62 79 118 120 41 141 140 53 185 75 142 106 100 139 89 117 109 111 76 99 108 53 63 34 177 99 127 82 102 128 46 121 116 130 139 152 161 116 37 105 74 86 160 94 140 100 97 177 118 122 122 118 110 145 147 168 103 166 128 131 127 86 99 92 76 111 136 93 158 185 115 102 38 
152 90 54 102 40 117 100 97 102 113 117 73 65 126 98 146 172 88 114 75 15 51 37 108 123 156 131 113 99 105 139 128 128 159 123 74 184 89 146 16 30 102 103 130 63 48 103 90 24 163 72 102 87 57 113 120 105 80 119 146 135 160 120 13 110 119 153 79 95 37 24 141 138 192 100 124 135 139 101 71 115 46 128 129 92 91 130 102 138 115 42 104 60 126 100 89 107 90 89 147 
179 106 105 106 134 40 144 53 112 82 79 108 125 132 141 40 60 68 129 164 56 142 77 148 139 146 105 104 142 113 29 83 65 146 121 7 120 137 91 19 118 138 141 70 128 129 43 68 151 30 146 136 135 142 167 98 63 93 175 142 121 103 63 82 95 81 97 70 174 99 25 27 30 116 39 57 90 114 38 158 78 28 118 96 142 124 139 135 98 169 171 70 114 145 105 66 72 74 145 105 
85 34 54 141 116 26 121 85 100 78 90 33 60 116 67 96 151 115 82 88 181 116 113 125 174 93 153 34 90 83 82 86 104 159 154 192 120 84 35 102 63 113 51 51 35 102 158 58 104 95 53 48 42 34 74 40 47 110 134 77 87 70 98 63 144 97 81 126 73 46 62 64 77 120 66 81 116 86 116 120 133 49 43 101 181 114 111 40 135 88 92 105 167 124 104 89 121 129 40 66 
52 74 91 125 115 58 109 147 97 102 95 124 98 140 136 52 70 96 96 40 91 95 99 87 67 123 187 59 145 113 90 130 168 100 122 53 66 107 78 189 125 73 92 68 112 152 12 61 43 16 138 99 112 181 159 118 126 34 145 91 123 79 122 33 57 45 116 100 128 68 91 75 106 158 100 17 47 115 59 116 83 103 115 88 149 146 147 84 98 153 161 95 33 83 157 110 49 64 75 98 
96 80 146 84 62 79 98 62 62 106 69 33 88 147 65 176 55 66 73 142 120 158 78 104 119 103 108 129 109 32 58 115 107 91 93 129 101 51 134 173 86 57 86 119 79 118 114 35 100 187 97 89 135 122 158 134 187 149 178 57 0 107 40 142 157 57 54 91 116 61 103 128 59 63 58 40 146 20 39 61 125 169 105 159 108 150 132 49 123 108 14 83 156 162 106 72 109 136 83 71 
67 118 111 133 59 82 74 129 76 84 145 146 151 100 106 65 90 130 92 72 35 89 153 99 105 121 73 157 44 48 90 16 173 168 138 77 86 46 103 57 40 35 123 109 100 130 121 134 102 163 134 133 132 71 77 149 28 140 124 57 89 157 66 141 147 90 161 151 71 104 89 111 72 131 53 43 160 136 92 128 83 37 114 74 66 150 134 44 60 120 82 112 73 45 51 140 84 80 140 42 
102 126 86 143 51 114 58 93 105 88 52 48 127 139 35 143 80 182 159 150 14 79 130 86 55 164 53 137 101 148 96 129 29 63 81 60 102 39 72 144 70 91 49 146 103 85 31 142 162 76 127 149 162 133 165 85 172 139 88 113 85 83 117 153 50 32 175 99 100 82 99 103 58 166 136 103 118 99 46 103 169 92 118 150 40 84 80 17 152 185 144 52 117 118 106 127 46 119 77 152 
100 104 25 52 95 120 116 63 88 81 78 119 77 116 72 93 99 102 91 46 58 149 61 140 173 10 88 97 163 75 102 87 159 148 99 49 88 150 89 55 70 84 109 44 121 70 146 65 43 31 58 147 115 82 175 39 11 22 49 99 80 16 114 131 66 107 101 143 162 79 135 44 176 91 34 86 18 84 159 105 45 122 81 71 122 105 75 70 70 127 180 123 79 111 133 122 106 51 175 110 
105 84 177 84 149 151 96 157 11 93 46 129 117 102 113 149 156 116 55 153 96 107 88 103 146 76 102 113 75 110 54 106 89 160 177 48 31 87 132 113 117 67 52 135 105 81 72 102 64 122 96 88 50 64 82 56 149 65 104 80 150 80 100 86 107 122 65 64 91 107 19 41 115 102 121 90 129 66 75 138 63 12 139 163 88 122 119 137 96 67 119 56 95 135 42 81 44 93 167 19 
48 108 103 135 71 46 101 132 101 123 86 89 121 169 82 57 112 107 153 165 141 87 38 69 108 53 17 157 92 163 95 79 47 109 182 81 95 92 58 52 102 61 62 70 44 121 75 144 105 89 130 56 38 92 105 84 127 173 15 90 98 55 83 65 174 158 67 28 111 99 80 117 74 64 113 87 95 60 141 110 140 120 161 101 67 87 34 58 89 36 130 72 131 127 85 161 145 91 94 51 
91 75 53 152 106 67 106 163 120 135 35 91 96 122 159 93 161 119 98 113 104 93 113 46 127 138 139 104 71 165 71 84 89 165 91 157 173 57 25 48 52 174 31 130 139 89 86 91 80 136 129 162 96 176 71 55 68 133 97 138 41 70 118 53 79 111 102 100 33 108 81 33 126 108 108 19 126 52 110 86 151 99 15 93 62 106 42 118 141 79 83 128 134 137 95 107 101 151 85 93 
146 38 44 117 27 76 57 104 140 59 117 62 130 90 89 22 77 165 89 108 149 65 103 131 67 32 135 102 80 125 79 127 114 62 101 79 42 156 24 110 53 95 122 154 31 67 66 103 134 127 36 137 82 70 93 109 100 107 183 71 68 59 92 159 42 148 76 72 84 104 57 54 95 167 113 92 192 62 125 136 121 40 19 113 162 94 105 107 84 70 187 179 84 88 116 54 173 153 80 164 
53 42 54 19 76 32 115 58 101 150 103 62 40 103 78 27 121 85 67 108 68 138 100 113 116 25 39 66 85 59 77 35 80 144 76 136 117 20 98 72 59 88 121 85 114 120 117 76 83 132 79 54 44 177 104 66 174 136 49 94 138 80 108 97 133 73 131 36 104 26 123 88 106 69 154 186 69 43 153 92 98 150 107 143 110 86 61 61 156 104 111 162 141 133 109 98 154 98 187 64 

