Data rulare: Sat Oct 06 23:24:50 EEST 2018
Matrice generata: 
Numar de coloane: 10
Numar de randuri: 10
16 74 18 53 14 13 69 78 55 64 
9 39 50 90 14 78 3 65 18 47 
19 26 96 75 48 22 52 51 9 12 
45 46 19 38 93 86 86 29 4 75 
31 48 28 65 98 81 64 63 31 80 
9 58 65 18 14 33 56 38 97 4 
90 27 84 80 38 53 40 45 84 74 
94 59 8 9 72 82 10 49 11 53 
62 21 10 82 81 81 54 32 64 81 
78 23 18 37 54 69 58 36 85 23 

Matrice generata: 
Numar de coloane: 10
Numar de randuri: 10
67 79 56 58 31 98 38 4 86 15 
33 34 64 7 63 11 74 37 7 12 
72 74 14 80 51 55 95 88 90 58 
67 27 20 68 17 24 76 20 10 97 
22 37 1 4 4 34 19 61 45 31 
81 62 83 69 23 38 11 35 26 45 
67 96 5 63 44 52 98 22 62 78 
76 5 14 21 44 22 43 63 93 55 
88 16 29 96 86 15 63 50 77 79 
87 65 17 29 93 21 96 85 70 70 

83 153 74 111 45 111 107 82 141 79 
42 73 114 97 77 89 77 102 25 59 
91 100 110 155 99 77 147 139 99 70 
112 73 39 106 110 110 162 49 14 172 
53 85 29 69 102 115 83 124 76 111 
90 120 148 87 37 71 67 73 123 49 
157 123 89 143 82 105 138 67 146 152 
170 64 22 30 116 104 53 112 104 108 
150 37 39 178 167 96 117 82 141 160 
165 88 35 66 147 90 154 121 155 93 

