Generated matrix: 
Col count: 100
Row count: 100
38 57 95 22 80 63 35 83 0 21 15 48 29 19 47 98 63 81 1 93 31 67 11 71 34 19 46 91 9 81 54 39 91 7 22 79 74 51 68 79 48 87 26 3 57 43 48 89 82 53 98 47 14 18 19 12 25 1 48 26 41 11 87 79 13 14 55 5 10 62 92 10 38 10 64 68 35 11 25 98 68 64 11 97 3 94 35 91 7 79 7 34 31 63 5 5 80 18 21 56 
59 17 66 69 86 72 97 52 36 24 41 19 21 91 37 75 44 89 68 4 30 45 75 15 32 30 28 14 12 28 94 9 41 52 62 41 39 83 17 34 55 78 49 54 89 72 94 76 13 49 65 86 51 0 79 88 58 91 85 75 0 70 21 55 68 58 49 32 95 89 23 63 16 76 24 81 47 1 83 68 80 50 3 7 53 22 85 29 52 95 60 98 94 22 26 26 53 48 51 91 
52 69 73 50 28 75 91 73 64 68 64 28 55 81 77 10 39 97 36 43 66 14 36 84 8 51 36 59 47 13 3 18 23 87 66 43 46 63 54 26 8 71 38 51 53 2 96 18 20 8 28 77 28 63 73 13 55 25 45 29 54 47 10 21 95 88 86 87 38 27 59 32 63 21 63 97 54 65 76 36 45 75 77 43 51 64 28 73 46 76 68 65 3 60 31 36 90 86 69 17 
96 56 29 95 97 34 88 47 15 61 55 25 6 74 55 42 74 62 97 68 3 44 41 94 48 24 18 46 70 11 83 45 21 89 78 71 53 15 42 88 71 35 44 23 98 81 66 61 6 28 51 38 44 21 56 21 7 44 97 9 4 78 4 76 28 88 34 35 76 94 51 37 74 51 45 23 99 68 58 57 49 36 67 34 42 80 29 73 92 60 73 7 20 31 68 54 41 51 6 57 
10 65 37 73 21 52 66 13 99 64 63 49 29 15 76 14 97 40 72 86 85 84 17 18 73 66 52 2 65 70 2 92 86 83 86 85 54 75 52 25 67 12 74 38 93 12 15 48 76 25 85 25 80 11 38 56 1 99 58 96 71 18 93 91 98 96 12 88 63 23 59 78 99 51 93 3 74 4 59 46 28 71 60 57 40 74 15 74 38 91 35 81 87 71 31 7 92 60 17 62 
48 81 82 98 2 96 89 68 19 63 77 82 65 2 1 86 42 8 10 56 77 12 67 92 33 81 10 49 5 27 59 96 47 25 6 84 90 80 6 90 40 48 1 49 59 74 0 89 69 66 7 47 25 52 14 5 26 15 75 35 17 97 73 57 66 19 94 67 17 4 76 64 17 40 98 67 62 84 45 10 49 0 43 40 20 30 13 93 65 98 92 18 55 31 30 74 72 10 79 17 
11 49 12 22 35 79 8 56 37 82 20 47 6 94 65 2 92 46 46 71 42 33 93 66 65 52 28 34 50 63 76 8 46 41 72 81 73 84 56 84 82 70 42 59 81 87 46 88 22 40 34 40 38 18 45 59 61 4 42 49 59 1 86 77 21 30 73 25 55 48 86 99 79 43 37 11 68 80 34 14 58 73 6 43 88 82 53 60 24 71 19 44 11 9 12 24 31 27 80 57 
93 15 61 17 64 17 10 85 2 28 84 59 24 39 20 40 84 88 8 19 65 33 93 50 38 23 71 25 65 44 15 29 12 8 73 33 23 1 45 93 28 44 69 29 31 44 26 80 2 30 7 99 26 94 23 24 5 18 74 36 47 49 32 89 63 64 51 73 34 49 11 33 72 56 32 94 48 39 90 38 3 65 34 19 65 43 5 29 90 31 46 93 72 35 37 58 38 63 55 43 
58 71 82 72 73 75 25 43 55 12 38 75 66 92 80 49 15 83 79 37 56 34 14 16 61 80 20 60 78 56 0 53 71 61 72 55 35 62 66 17 8 11 12 82 59 40 29 43 36 53 93 89 12 50 95 21 19 38 51 57 98 44 79 97 45 85 39 40 63 13 84 46 62 64 78 12 67 89 66 86 31 3 51 32 4 9 85 99 79 12 76 84 82 54 51 48 55 98 48 79 
99 27 41 71 19 64 58 4 64 22 11 42 22 85 41 71 39 92 51 36 32 22 73 2 2 76 41 18 15 53 4 51 58 53 97 24 53 17 74 26 64 68 31 87 11 21 83 73 93 38 1 6 33 92 20 49 87 24 48 35 59 48 29 56 13 87 56 45 68 77 84 71 47 39 70 61 87 0 57 62 70 65 68 6 73 79 24 45 64 78 25 23 20 20 97 50 62 56 44 33 
18 87 62 78 47 83 97 16 41 11 67 11 15 65 92 72 5 33 36 65 69 95 47 6 57 78 27 7 64 37 12 22 61 47 75 39 10 3 52 60 35 81 61 59 83 64 20 64 33 96 58 5 27 3 15 16 7 13 38 52 7 62 10 66 39 62 47 51 24 83 74 4 35 78 43 47 51 96 41 98 80 27 81 53 25 6 65 28 63 65 40 83 31 30 82 99 74 90 89 34 
83 81 0 14 34 94 65 54 29 9 2 14 36 14 89 42 39 67 64 92 51 70 8 27 37 86 17 11 98 93 51 2 85 75 49 12 12 1 83 29 99 20 0 52 59 77 30 76 33 87 16 46 55 52 45 49 8 42 71 0 57 69 36 18 93 81 54 20 57 47 94 62 57 9 2 88 2 36 31 18 20 65 22 71 85 8 41 24 65 13 15 40 89 96 48 19 91 33 6 24 
48 17 8 36 1 56 57 90 28 40 30 64 91 34 50 36 31 9 67 8 82 52 93 68 23 69 95 99 52 57 74 61 34 74 38 36 57 76 24 41 79 99 62 91 54 70 83 75 74 34 11 74 25 3 46 88 59 20 33 5 3 37 49 91 31 37 16 49 28 46 36 38 49 31 55 10 54 21 97 61 74 5 44 22 78 89 58 56 77 54 58 86 48 15 12 38 19 72 43 84 
46 62 44 14 87 15 85 61 85 26 42 70 71 85 92 34 11 23 16 71 0 65 34 69 87 16 78 2 41 71 61 63 36 19 37 47 49 43 84 21 94 33 35 62 12 99 34 52 14 76 89 47 70 11 85 11 53 39 56 15 19 56 48 85 89 50 55 10 19 59 16 89 26 24 18 84 46 13 38 24 50 78 72 95 5 27 59 19 81 98 46 53 19 56 50 39 89 78 1 35 
40 20 93 38 59 21 67 34 77 93 48 1 79 55 58 26 17 85 16 57 99 82 39 79 26 24 37 0 13 9 83 86 57 96 23 3 83 73 29 27 97 49 48 39 70 3 6 90 36 1 28 86 68 83 15 31 27 11 67 29 75 20 30 23 82 57 46 21 65 51 53 94 85 31 78 47 54 15 1 57 68 99 55 57 59 12 95 51 36 89 62 5 93 74 82 50 7 90 87 63 
2 36 43 20 31 62 26 60 39 83 58 92 66 96 49 51 16 66 79 73 51 38 80 4 59 5 82 51 83 51 64 81 28 76 17 82 61 51 64 39 57 31 18 87 98 10 59 7 87 68 50 71 93 14 23 71 59 70 63 33 32 48 62 28 50 98 30 98 52 56 32 99 21 74 88 70 64 51 23 78 85 44 53 74 22 98 85 69 27 60 8 38 36 18 49 95 76 79 8 1 
55 86 46 68 10 69 17 65 11 58 78 78 33 99 3 90 37 68 4 90 86 53 49 4 68 19 70 42 91 11 87 15 36 46 59 79 33 31 17 60 57 39 92 70 83 12 9 59 56 50 59 99 61 54 28 32 27 77 23 70 14 61 28 0 89 55 97 83 48 1 35 99 48 98 46 11 64 37 34 29 33 95 33 64 39 30 6 19 79 50 77 47 5 38 19 16 19 81 53 53 
21 67 7 82 45 64 74 31 54 79 55 72 93 39 60 84 60 43 94 31 70 40 21 76 53 2 15 31 94 88 55 44 51 40 6 4 19 19 38 50 44 5 75 99 71 86 47 59 40 18 14 13 93 19 73 73 20 32 72 24 9 0 76 64 55 1 36 95 44 17 92 55 7 5 39 32 9 65 62 97 32 14 34 69 32 13 63 30 4 81 99 13 34 82 86 54 43 78 68 45 
90 1 17 58 77 76 82 73 97 74 21 23 74 80 7 79 46 3 65 32 17 97 12 36 7 24 46 37 13 95 15 83 70 15 18 96 73 97 97 32 40 47 32 57 57 56 96 54 89 18 25 67 33 19 14 6 25 12 85 34 53 83 96 50 31 19 41 92 75 46 32 39 70 43 66 14 50 69 86 72 27 53 73 89 42 48 26 28 75 41 69 64 69 26 12 0 51 33 32 86 
67 0 46 79 62 66 29 70 39 76 65 35 29 28 23 89 31 55 75 64 67 59 64 51 15 30 34 30 84 58 78 23 18 22 67 4 66 28 76 38 15 37 88 73 54 79 77 76 73 90 58 35 47 18 72 12 42 41 11 16 51 56 54 95 23 33 40 70 88 53 75 69 42 99 31 16 28 42 17 12 38 31 58 69 60 43 83 98 23 71 54 21 88 9 22 96 95 25 77 57 
81 58 98 11 0 55 55 18 1 45 14 41 64 6 64 74 70 16 87 98 4 70 64 39 43 48 13 52 20 9 53 1 84 5 69 93 82 13 80 89 42 13 75 2 95 40 67 14 97 27 6 95 11 76 16 29 67 53 6 83 96 98 12 62 87 40 13 18 59 92 93 26 87 88 94 23 37 65 56 52 28 79 26 17 15 41 63 98 61 25 59 0 46 80 56 67 28 6 20 31 
32 29 43 29 95 96 46 24 84 25 83 70 0 80 65 61 17 91 52 84 77 74 35 99 19 78 86 34 68 71 31 91 31 60 61 26 32 32 51 51 99 31 27 70 81 70 38 38 4 20 72 25 7 42 62 29 58 93 12 1 7 59 58 82 30 64 8 57 96 40 44 73 66 68 40 34 55 97 36 77 92 4 99 26 35 75 59 45 47 89 74 62 61 87 85 57 13 26 3 29 
76 33 59 76 62 95 31 44 41 30 41 9 73 61 80 24 72 47 36 4 2 61 0 51 53 37 85 88 62 26 91 4 7 25 55 43 42 1 28 73 60 47 24 87 96 73 7 85 71 21 8 45 71 42 32 21 48 55 64 37 43 79 23 56 55 70 64 47 34 10 86 37 45 98 33 78 4 8 50 70 60 5 31 88 19 92 73 36 58 88 47 2 7 66 28 95 38 67 94 27 
11 30 77 1 89 62 72 38 77 63 50 71 43 24 69 58 50 38 21 0 35 16 26 63 2 59 21 27 93 16 37 27 64 4 19 14 59 91 28 72 48 34 45 55 43 8 18 34 34 29 52 53 94 11 34 3 37 89 71 45 32 37 85 68 61 13 29 95 17 53 19 51 39 17 51 0 13 7 2 53 1 1 55 99 21 25 5 54 19 9 66 54 63 94 58 30 2 28 89 43 
73 1 48 95 88 55 63 73 65 24 53 34 70 9 17 58 50 43 61 41 32 86 49 20 37 39 40 75 0 10 63 46 5 45 31 41 11 97 82 57 83 19 95 37 89 62 51 37 42 79 8 15 45 21 92 68 91 93 15 73 26 3 78 71 33 99 36 85 26 46 35 22 11 44 56 31 83 31 25 46 20 43 88 20 8 14 92 98 21 11 19 64 72 42 31 4 47 46 87 9 
19 88 3 86 8 79 53 55 94 58 46 67 70 38 79 81 35 21 49 33 99 28 5 87 78 44 26 59 53 54 20 79 57 44 25 26 39 9 88 6 45 36 79 10 74 24 95 82 14 57 74 11 17 10 91 38 17 13 9 97 92 67 83 39 41 69 42 34 36 8 78 39 21 96 27 5 33 74 90 94 3 39 31 99 86 93 54 90 64 76 39 23 32 62 56 52 74 65 6 10 
27 14 95 58 0 56 58 45 67 50 14 45 28 78 2 36 59 55 98 98 12 38 18 11 61 69 40 14 4 85 56 66 63 98 80 44 93 77 70 30 39 62 70 19 76 59 40 83 92 42 52 71 11 83 58 98 82 50 5 2 35 56 0 50 81 72 27 64 24 3 72 24 82 40 25 21 28 58 39 57 0 88 58 63 87 2 84 76 84 0 92 91 64 0 35 90 45 72 89 71 
85 29 99 39 25 58 21 51 15 23 51 8 5 63 41 97 47 4 4 60 75 67 13 18 85 22 13 66 3 99 3 84 61 60 76 95 77 7 29 43 17 73 68 73 41 22 6 99 24 1 45 20 99 75 17 42 77 85 93 85 75 31 83 63 51 11 94 59 89 71 77 0 50 5 92 56 97 1 75 65 81 8 99 11 52 16 62 35 93 7 99 97 20 30 94 49 0 91 74 65 
88 15 4 91 71 98 34 97 49 48 6 3 26 30 83 40 25 26 85 94 51 53 44 56 67 87 81 70 22 72 31 87 33 5 88 22 34 41 40 76 64 36 37 82 55 7 45 21 79 34 75 82 58 98 84 79 88 58 30 44 87 49 31 75 49 59 56 89 82 78 46 41 72 51 30 26 40 6 4 20 18 23 82 56 98 19 22 95 19 75 95 61 59 31 62 27 20 16 64 98 
48 24 21 67 35 39 23 2 6 12 81 38 94 25 79 15 60 76 47 90 92 58 98 61 84 26 93 20 85 44 12 24 82 96 80 20 94 43 46 74 12 21 55 32 74 92 83 87 6 12 22 49 10 76 93 19 32 6 28 98 17 67 76 12 71 62 36 14 24 79 85 22 43 72 71 68 87 32 52 81 51 52 60 44 70 99 19 63 98 18 70 89 57 29 76 60 71 13 17 39 
51 95 14 47 30 94 12 79 25 53 88 84 20 60 0 58 40 49 35 74 46 70 71 53 63 23 20 16 66 94 82 41 29 52 32 45 73 98 43 44 68 92 57 29 79 39 7 69 39 53 31 19 21 12 96 58 11 99 12 31 5 69 60 57 31 4 2 35 0 1 87 69 92 76 73 87 35 70 44 60 13 75 2 22 94 6 65 64 63 23 56 45 83 81 6 67 9 9 6 1 
11 83 1 93 72 28 3 99 52 61 52 86 4 72 40 28 81 25 17 11 13 74 24 27 49 99 52 91 10 58 7 59 19 56 33 92 73 30 62 83 54 47 3 89 37 14 8 89 55 92 5 6 30 4 97 40 61 87 96 97 48 63 13 91 35 7 98 73 51 38 16 66 86 53 68 43 48 83 24 39 58 12 92 59 70 49 1 16 49 60 83 73 65 8 99 6 32 45 76 1 
22 30 96 97 7 51 11 61 96 33 67 69 24 29 59 72 20 98 53 0 5 51 16 99 14 45 55 78 12 65 4 13 10 51 73 94 94 96 37 28 63 34 57 56 9 30 97 78 38 93 41 11 3 12 4 74 51 71 12 98 9 4 50 27 2 2 21 65 33 29 62 50 11 77 62 14 47 40 95 89 42 68 70 22 17 98 22 60 43 32 6 3 35 62 17 36 71 2 47 5 
14 85 9 28 29 58 46 11 56 78 52 18 73 54 58 52 58 74 76 75 35 26 69 88 52 83 50 88 41 3 47 90 69 58 6 41 44 26 41 5 3 90 49 47 7 7 34 78 2 23 66 49 31 76 65 13 66 6 60 11 31 1 13 65 12 6 71 67 14 55 75 63 97 78 58 96 59 35 31 11 10 43 65 76 91 90 94 19 32 24 95 69 15 68 61 57 17 93 89 45 
93 43 76 6 24 2 17 43 23 74 87 39 65 40 92 93 87 8 44 34 62 84 53 62 3 93 18 23 3 4 83 43 70 25 60 96 54 88 89 91 85 25 95 43 71 58 52 92 66 87 59 32 73 11 55 61 84 94 42 9 6 43 82 60 49 57 15 61 19 49 20 92 25 27 64 18 45 26 65 17 45 1 7 35 32 37 96 36 54 49 20 22 63 54 21 30 69 27 33 87 
21 24 54 69 97 3 60 68 97 52 10 84 96 52 76 11 23 85 33 65 36 25 16 84 73 92 93 19 88 83 26 81 90 7 53 40 35 91 73 22 41 12 83 97 59 39 87 31 31 44 61 42 7 46 70 67 76 2 89 56 16 86 14 24 33 79 30 39 57 90 70 52 33 89 90 31 2 30 70 11 42 54 26 57 52 4 51 11 60 95 31 81 94 26 25 10 47 4 31 95 
21 1 62 72 15 44 48 68 72 5 90 12 59 30 56 91 20 47 89 57 34 0 39 66 65 73 68 11 82 77 76 8 7 74 55 48 61 40 15 34 74 92 91 25 75 89 24 68 82 84 65 81 25 85 22 47 67 34 85 89 56 55 20 26 77 55 23 24 98 94 43 7 92 80 38 71 75 31 85 68 61 89 19 81 98 34 55 84 58 45 5 99 29 73 0 69 65 94 20 67 
71 50 55 69 98 20 17 41 48 11 8 71 32 0 63 68 47 78 63 81 43 74 49 98 63 48 95 13 12 85 45 21 19 8 68 69 95 55 57 67 14 18 89 89 96 96 21 19 66 78 46 45 10 50 59 24 20 24 62 22 62 39 10 95 82 31 85 56 60 43 39 82 63 52 63 86 61 17 70 68 26 17 23 90 54 59 60 89 23 93 52 20 7 29 18 88 80 23 67 88 
9 4 85 25 77 92 82 41 6 92 60 19 32 48 59 31 77 79 73 68 96 18 94 86 54 9 79 25 42 14 34 94 2 0 84 44 39 79 96 96 48 71 32 98 62 51 93 83 37 1 56 9 0 32 47 74 29 73 84 53 58 18 12 89 54 64 93 12 33 81 14 85 48 40 67 76 10 33 45 43 63 9 35 53 26 18 88 6 50 79 33 12 27 60 80 7 7 49 82 5 
4 25 94 74 11 33 83 66 20 99 32 27 15 7 64 59 78 9 73 7 1 57 62 71 22 79 24 75 55 2 9 26 75 12 88 57 36 28 14 70 18 21 54 92 76 31 53 95 29 69 1 34 28 42 71 77 9 84 56 4 59 51 65 83 86 90 51 71 98 88 74 84 98 62 98 64 27 18 73 38 70 21 28 17 5 90 8 23 91 87 77 48 42 48 21 48 97 82 48 88 
88 82 84 86 43 55 13 51 89 58 67 72 5 62 95 53 54 5 49 32 32 51 91 93 74 13 51 82 17 93 50 28 35 68 57 19 54 0 99 7 43 69 5 27 66 52 22 82 76 76 38 61 80 65 37 76 45 46 78 97 29 98 62 99 31 32 36 24 77 41 2 35 28 34 33 89 66 66 84 91 26 98 11 12 4 69 23 62 80 44 21 20 49 99 28 81 39 4 32 87 
10 76 9 87 10 57 65 58 68 97 62 42 67 58 48 80 91 70 3 53 31 25 10 55 38 41 90 38 65 90 39 32 28 12 66 62 75 63 76 33 96 81 3 78 50 86 57 30 2 57 70 34 18 19 40 91 42 95 23 41 43 97 79 18 96 15 1 2 53 34 38 82 54 77 83 98 84 21 66 96 31 90 6 65 52 53 59 59 36 15 49 44 50 53 62 49 25 82 95 61 
60 4 95 62 7 74 60 68 77 24 11 30 36 16 79 69 98 59 86 35 41 2 8 89 81 27 15 30 31 13 80 4 30 83 2 48 46 84 71 6 20 53 97 35 21 44 92 96 72 42 71 96 7 83 93 65 98 53 50 20 42 27 87 67 93 9 85 77 27 18 51 33 43 34 22 7 80 30 6 33 30 80 17 65 53 16 32 81 91 1 42 15 47 65 88 83 18 1 67 52 
47 21 61 62 60 33 47 91 95 57 37 19 91 79 8 15 39 58 12 99 73 74 65 4 93 3 32 42 41 3 76 1 81 9 20 3 84 80 85 54 9 50 47 80 0 38 12 61 89 36 18 0 24 56 50 50 84 68 19 4 50 44 56 49 77 25 74 13 91 10 54 84 86 88 47 10 34 8 61 51 32 4 85 32 20 91 53 66 73 17 60 51 72 54 71 59 43 14 63 40 
52 31 83 94 7 69 95 6 26 0 67 70 71 7 69 51 20 63 30 47 50 14 96 34 60 83 57 20 96 36 56 23 92 20 21 0 47 86 15 76 59 35 82 14 99 0 56 52 33 56 1 14 33 14 50 13 70 58 14 47 7 74 9 4 3 47 34 8 34 94 96 41 15 82 70 85 98 52 59 37 95 11 46 38 42 10 11 51 54 31 98 52 9 29 89 14 65 34 32 24 
9 79 34 98 80 78 83 29 94 67 57 21 62 63 89 7 43 73 90 41 96 94 57 72 4 81 36 92 50 28 53 36 46 90 76 86 36 78 5 66 30 88 7 75 42 35 30 58 66 8 80 88 87 67 68 94 66 73 91 32 33 57 59 47 31 59 30 24 31 49 84 67 51 12 60 60 10 57 13 34 90 19 88 74 24 95 1 7 6 94 98 92 4 21 20 33 48 21 25 32 
55 25 9 36 72 47 38 49 39 77 30 96 0 2 99 32 39 40 9 54 40 35 20 45 73 52 2 27 35 9 13 89 26 38 42 42 29 76 29 92 53 73 13 31 71 44 32 98 88 64 32 7 9 97 54 43 60 50 23 52 86 18 1 65 37 70 60 36 38 60 38 50 31 39 26 63 79 18 84 76 82 70 70 31 0 64 91 70 71 4 25 81 72 93 66 42 44 10 67 23 
76 3 96 3 19 77 81 33 12 43 83 86 35 22 88 77 69 44 19 58 32 89 99 13 22 14 35 18 55 39 0 42 66 5 36 55 11 17 58 60 83 44 4 56 37 76 72 86 25 64 44 39 84 81 9 60 99 76 73 31 61 24 89 69 48 16 34 66 92 78 50 32 38 17 15 61 52 1 31 81 59 33 23 13 39 64 6 15 59 17 63 90 7 93 44 97 42 3 93 88 
18 80 59 74 8 5 29 19 46 51 90 50 35 58 3 8 29 10 72 65 50 78 54 7 77 94 87 41 5 52 62 72 0 83 30 46 66 74 78 56 89 20 79 66 21 36 86 95 73 19 34 35 81 70 57 86 11 27 39 5 8 64 96 84 8 76 64 75 14 49 5 42 71 63 84 29 42 39 16 0 97 24 52 4 42 19 49 35 53 85 29 34 99 27 91 30 52 97 31 49 
99 57 71 99 62 48 55 9 17 87 98 69 15 27 98 64 56 17 78 6 46 38 43 32 99 0 24 11 21 96 20 72 81 64 27 76 82 11 62 16 58 51 31 39 95 62 44 76 44 6 75 26 63 56 95 6 43 36 3 72 3 52 72 13 45 82 14 97 57 4 43 10 34 47 72 99 71 84 37 71 8 20 80 53 16 2 56 76 71 75 31 23 17 45 13 56 26 29 71 74 
85 48 92 38 11 73 65 63 21 37 3 18 75 96 98 21 21 76 73 26 31 44 29 77 12 19 65 20 44 31 11 99 99 9 12 16 75 15 53 36 26 2 73 28 37 5 97 56 25 22 72 1 76 20 76 98 36 31 58 69 39 53 13 36 35 9 30 93 82 18 8 86 74 9 75 45 66 8 16 92 53 93 7 97 29 18 45 58 33 83 14 32 96 14 42 9 89 91 52 44 
86 61 88 65 85 12 34 90 19 13 71 50 57 79 52 21 14 4 24 17 47 65 99 20 74 19 77 90 88 63 13 62 49 49 10 32 70 34 8 78 87 67 87 62 89 26 30 65 16 32 76 2 97 12 23 13 73 44 51 66 93 70 20 17 71 18 12 77 67 51 90 46 55 55 52 24 77 1 81 14 78 58 17 79 80 24 25 36 5 80 75 19 36 66 3 76 50 47 70 87 
66 7 52 13 17 85 5 24 20 8 36 15 0 31 64 38 84 9 60 40 71 20 62 83 5 93 97 77 36 89 51 33 68 38 2 80 79 52 11 22 95 39 17 84 22 87 36 53 17 79 98 98 2 27 88 71 35 85 70 8 44 56 88 36 4 40 72 26 17 29 5 86 66 50 23 70 45 10 62 50 18 23 50 93 47 27 92 63 60 88 62 81 94 19 76 53 20 66 35 39 
53 11 68 75 81 70 42 0 0 63 58 26 81 31 88 70 52 78 74 63 30 25 53 9 3 23 88 50 10 82 53 8 53 36 43 63 99 61 6 99 3 2 15 65 80 53 7 83 95 40 44 47 26 32 79 52 30 64 27 76 51 22 79 24 48 30 19 72 58 37 19 26 51 57 42 20 4 4 25 7 12 54 83 55 83 82 56 24 7 69 86 55 62 9 82 51 10 97 48 7 
40 41 29 89 62 86 74 4 64 96 61 87 9 60 89 63 91 17 36 0 62 99 49 59 97 56 36 78 48 14 97 13 50 29 20 33 55 18 43 12 6 74 19 14 8 46 78 31 32 51 11 5 96 57 43 88 18 37 50 60 41 1 70 68 63 25 0 94 15 44 11 83 68 80 55 33 84 83 1 6 23 51 65 33 60 65 40 9 98 5 17 58 65 2 72 9 85 58 13 74 
4 69 51 89 23 76 77 22 61 76 83 10 56 37 26 4 98 85 57 36 57 73 43 11 93 92 47 88 62 94 35 63 69 49 58 89 30 76 97 64 0 65 87 93 90 53 54 16 71 85 10 19 31 12 54 52 75 48 38 61 75 43 10 49 74 75 61 41 15 6 3 28 72 29 30 93 47 99 29 12 58 78 98 72 75 58 20 84 85 37 93 8 27 52 62 75 47 89 47 19 
96 65 95 57 5 13 71 88 97 16 87 5 47 52 57 69 82 15 75 59 3 29 37 88 4 77 36 57 33 0 42 24 70 13 89 96 51 88 27 99 5 42 0 21 34 3 60 75 60 51 89 46 71 65 86 23 40 6 42 92 31 39 14 17 73 67 21 0 67 27 90 74 71 43 45 36 68 70 99 87 9 75 88 96 71 56 71 71 64 87 97 7 29 96 32 0 41 13 39 13 
88 46 31 33 26 22 80 93 60 50 81 75 13 77 43 30 34 52 73 66 28 21 45 15 20 11 75 38 69 89 27 40 91 76 94 96 75 27 54 16 86 6 71 24 31 67 81 99 81 54 51 62 80 67 19 23 19 58 80 63 15 22 86 28 66 23 44 11 34 66 76 41 55 8 24 65 92 8 76 59 63 85 90 88 27 32 57 67 58 91 59 70 85 84 30 94 83 44 89 21 
83 4 12 2 14 61 85 88 68 72 79 3 24 90 81 56 74 66 1 28 94 70 75 53 27 79 40 25 45 82 12 88 94 15 51 32 23 20 9 64 15 75 94 70 44 33 89 22 17 8 69 61 21 69 41 75 19 11 52 9 53 95 37 46 46 73 82 73 14 99 9 4 8 85 73 21 84 38 89 70 4 51 74 46 21 37 0 71 75 9 83 87 5 92 89 13 52 5 59 92 
84 99 33 98 16 19 43 71 98 24 38 36 7 1 61 28 62 5 60 15 88 23 39 98 55 44 92 35 8 67 76 66 48 47 95 16 27 44 54 48 89 31 31 96 9 64 80 99 58 11 95 45 30 79 86 99 3 12 17 89 42 87 3 74 42 44 14 48 41 40 9 17 46 41 21 14 47 31 17 46 71 84 42 38 9 60 74 93 51 88 69 11 49 45 70 84 86 38 32 64 
66 55 60 13 23 92 48 93 25 65 58 73 52 40 31 35 80 30 36 28 89 71 11 45 95 94 39 41 97 84 97 1 17 65 59 57 35 32 7 91 87 13 41 92 10 98 14 82 33 57 5 33 92 18 48 7 6 92 76 9 98 43 46 23 83 94 38 60 10 75 42 26 4 12 41 52 91 27 3 80 86 58 75 63 97 41 71 21 67 17 20 22 90 23 19 70 76 26 73 34 
12 31 27 11 13 15 89 61 85 79 20 60 15 7 52 55 50 11 85 79 13 36 82 71 75 92 91 10 16 22 68 76 2 60 15 34 98 71 71 66 84 57 24 8 34 62 99 16 77 77 85 65 78 65 72 57 83 1 87 82 2 1 67 5 83 84 28 40 87 6 58 75 6 62 65 15 21 50 7 54 69 19 24 98 88 24 33 54 97 70 62 76 48 99 98 42 80 21 18 35 
12 34 78 33 61 17 43 77 70 19 74 26 59 28 18 51 12 6 57 29 86 77 17 11 20 64 86 66 11 95 16 35 96 50 54 83 92 47 87 77 66 61 54 52 86 37 90 33 98 9 11 31 41 76 15 58 39 68 45 89 78 0 7 78 64 50 56 89 12 8 72 4 76 96 65 94 74 50 36 42 81 51 89 87 10 55 97 39 28 55 4 44 5 42 82 39 24 63 91 52 
95 72 39 75 55 13 10 30 43 74 81 51 70 3 38 46 1 84 6 92 81 10 99 83 2 45 26 62 52 15 27 15 91 94 20 72 78 94 21 24 78 30 81 36 2 85 50 3 63 41 43 26 64 60 99 52 83 35 78 34 35 44 0 83 91 3 86 36 86 37 58 15 86 42 75 1 82 45 25 22 94 82 83 29 54 49 6 89 31 17 35 77 47 77 46 27 28 22 98 43 
3 1 28 7 55 41 15 54 85 4 51 72 37 1 87 85 2 97 81 10 38 58 64 49 58 57 41 35 25 96 15 21 73 62 65 5 10 36 3 23 54 20 60 68 45 59 58 86 90 24 49 42 57 44 66 39 37 3 77 32 74 17 78 46 11 96 76 8 65 26 8 12 36 79 60 35 76 35 57 88 96 18 80 57 91 4 9 39 91 36 86 10 23 52 90 90 26 8 49 12 
74 76 85 8 0 56 71 20 13 67 8 82 69 20 96 84 68 54 36 5 38 13 80 99 77 14 71 0 70 36 80 66 73 90 75 85 18 35 93 67 32 24 98 58 13 84 3 66 61 93 63 81 24 83 23 49 67 47 55 18 91 30 61 26 76 0 69 89 65 72 98 61 14 82 87 19 60 24 10 8 64 58 7 87 18 68 59 88 97 83 20 34 20 81 76 58 17 5 80 94 
26 63 26 69 17 12 16 48 33 83 54 77 99 36 36 59 64 2 96 51 31 77 10 38 63 61 29 73 39 18 51 66 86 41 74 48 8 35 1 78 73 77 78 25 2 8 97 41 85 76 87 86 70 29 38 44 74 2 64 24 71 66 4 10 82 88 88 21 32 30 33 62 20 78 9 25 43 62 91 96 26 87 86 38 29 5 79 77 42 16 21 5 68 47 83 82 1 74 29 96 
55 63 85 90 98 3 41 76 0 6 5 10 79 61 58 30 93 51 90 69 46 96 80 3 82 94 57 62 82 62 17 66 36 19 52 59 3 6 12 66 24 75 96 69 92 63 35 3 76 75 31 24 80 61 58 99 1 38 69 66 56 48 41 42 27 61 7 5 66 33 44 28 0 82 87 78 37 42 98 0 4 15 52 38 94 50 21 44 54 93 40 6 56 44 79 81 8 19 33 8 
0 99 28 70 83 2 3 50 25 1 49 45 64 49 48 47 61 49 58 3 48 24 2 89 14 67 12 94 36 42 31 31 69 12 4 11 57 76 79 43 66 72 53 71 61 29 57 71 57 98 29 47 71 42 82 69 5 23 37 82 42 57 48 44 45 4 59 15 10 16 64 62 98 91 39 45 98 37 36 29 61 55 67 56 67 88 76 80 3 74 8 71 79 34 81 90 99 56 67 42 
11 49 29 55 25 98 1 48 75 7 92 35 79 97 98 67 45 82 62 36 26 23 51 76 29 74 57 16 76 34 79 69 94 68 83 86 81 82 9 31 40 99 73 67 73 97 27 31 28 75 57 3 47 74 44 42 22 4 81 12 36 72 15 28 62 45 97 98 28 81 81 62 25 54 21 91 80 58 39 77 20 12 27 26 78 7 73 35 30 38 12 20 91 13 19 6 32 32 72 93 
7 21 67 66 79 72 33 73 27 32 48 20 58 37 20 1 82 78 52 15 43 85 7 33 69 93 47 23 18 56 24 62 54 65 29 6 29 17 48 18 40 67 48 88 1 70 51 48 28 96 19 81 31 40 50 59 13 96 27 55 95 9 64 80 81 25 89 95 52 88 63 58 93 67 77 90 85 74 37 7 76 55 0 21 29 72 88 66 52 78 99 52 39 25 44 4 15 81 30 52 
11 82 61 21 3 68 5 46 66 97 13 54 46 57 93 28 89 85 62 10 62 44 31 47 18 54 45 75 58 50 59 65 70 11 83 3 78 75 14 62 61 49 44 45 6 93 29 73 36 22 87 63 55 20 63 98 61 84 35 83 48 90 26 47 53 10 36 52 37 18 22 72 81 96 82 71 31 95 84 41 73 60 27 5 54 24 23 36 3 1 5 41 41 27 98 89 84 52 90 68 
2 23 51 28 74 10 58 78 54 23 45 19 84 35 79 59 93 63 79 46 21 35 52 57 7 68 95 20 44 8 97 74 59 49 59 37 44 69 80 24 67 10 58 11 66 6 95 27 98 1 3 31 13 62 27 19 28 9 36 43 84 19 26 40 77 77 1 63 0 70 9 39 22 22 34 90 73 62 6 71 5 98 28 91 49 52 7 39 30 14 35 98 9 37 89 20 20 89 40 75 
9 44 84 5 87 17 37 83 51 7 97 13 64 7 24 75 13 83 71 0 38 35 67 50 77 58 13 15 95 90 82 64 88 17 43 31 93 46 31 58 56 80 79 15 53 50 44 74 19 39 76 64 55 61 24 38 22 13 74 34 7 5 62 34 63 50 23 9 45 37 16 60 30 82 61 74 54 25 16 65 37 13 45 38 32 54 50 11 76 87 49 27 92 41 12 34 44 59 22 15 
67 6 3 77 83 13 63 66 29 43 41 95 22 77 99 81 64 72 17 20 69 75 74 35 58 6 28 15 31 11 36 77 59 82 6 51 26 12 39 31 58 24 73 53 50 87 53 6 56 10 73 10 43 94 12 42 13 4 9 58 82 11 0 63 4 47 0 9 4 32 96 21 79 64 41 82 30 82 20 90 24 56 82 99 81 32 40 52 84 43 65 94 19 51 63 21 63 19 97 48 
39 49 52 96 86 15 78 86 1 23 0 83 99 90 40 14 3 64 81 72 40 95 23 96 33 70 60 66 88 81 61 82 25 6 51 16 36 62 34 34 11 34 56 98 51 57 83 76 22 0 20 12 49 97 63 43 40 5 24 76 67 93 13 59 22 8 34 40 5 15 71 41 45 74 56 79 10 87 15 68 73 45 12 47 39 32 13 87 77 67 50 41 40 35 87 61 48 26 37 22 
13 32 79 55 5 16 13 98 29 34 32 27 4 6 62 92 34 64 1 69 99 5 27 11 86 99 36 55 1 74 63 8 43 76 64 81 25 51 39 46 24 21 74 3 36 93 49 96 65 97 39 80 26 31 50 36 50 26 24 62 48 81 28 39 20 83 80 87 17 12 85 45 54 28 58 95 88 22 46 36 89 47 51 60 30 17 32 53 28 42 15 76 42 50 30 48 4 30 65 71 
83 59 11 94 4 75 34 64 56 75 60 94 30 74 29 54 28 58 92 66 80 33 14 53 33 51 42 13 79 55 26 52 65 84 39 52 27 18 11 1 36 42 64 79 56 83 46 14 59 95 23 15 89 34 51 52 39 97 30 7 1 84 78 59 2 86 30 5 0 50 17 99 77 83 22 75 38 40 88 71 76 91 45 56 13 85 51 97 56 68 46 58 9 3 35 66 55 22 39 51 
6 14 29 5 29 76 85 94 17 3 0 93 17 55 9 12 34 70 70 37 94 7 77 38 84 42 4 61 39 7 15 83 7 17 61 47 47 15 45 48 17 71 42 20 88 83 99 97 24 14 5 27 91 75 8 39 22 52 68 10 6 6 61 5 49 33 10 86 0 64 99 37 82 32 58 77 80 42 64 50 49 59 6 7 2 11 6 12 54 86 53 20 56 19 34 57 58 53 13 17 
14 9 75 36 88 63 25 8 94 38 96 6 71 15 99 14 76 16 28 35 38 94 2 72 86 1 33 55 78 70 48 41 72 96 16 19 62 86 37 7 52 84 54 67 4 21 30 67 43 90 10 10 80 5 87 72 18 53 96 35 99 58 61 97 70 97 86 72 77 11 39 69 76 51 79 11 77 85 21 63 57 28 67 87 97 72 60 80 23 15 43 1 47 7 38 33 13 42 27 84 
29 24 96 55 34 89 50 55 85 95 66 21 89 43 79 56 61 14 1 26 58 38 47 84 55 76 1 94 56 25 20 56 98 55 34 19 4 82 87 95 99 99 19 10 16 87 43 78 4 11 70 29 17 27 32 14 35 44 32 71 11 50 84 98 19 95 7 89 32 56 36 71 70 6 42 4 81 36 7 29 85 7 27 98 39 42 49 77 51 37 93 41 42 78 52 75 41 89 69 72 
85 65 3 43 39 66 29 90 32 41 6 77 65 10 20 35 20 79 86 11 82 43 23 71 46 13 87 43 24 51 54 68 96 22 40 87 98 53 87 85 1 86 4 82 20 93 61 72 48 5 56 82 74 96 61 45 18 15 90 98 88 23 32 85 19 54 4 19 87 46 11 64 85 25 86 28 98 6 78 44 76 24 15 83 65 78 17 16 34 27 32 52 1 67 25 97 64 34 22 74 
61 53 3 64 35 92 80 71 34 31 83 67 87 10 58 34 28 7 10 27 35 30 35 8 70 69 32 69 94 6 91 82 49 78 90 59 47 20 53 18 65 99 84 2 26 93 2 39 6 57 55 7 88 31 79 68 4 96 76 31 14 69 30 25 55 98 32 4 61 88 34 95 71 94 57 56 87 85 34 10 88 27 14 43 65 12 49 22 55 84 71 10 99 16 64 45 75 11 72 20 
54 97 98 4 92 81 2 33 20 63 62 71 75 9 2 71 26 10 73 92 67 38 20 55 85 38 57 64 44 71 8 10 89 47 2 11 40 18 79 22 81 63 24 66 65 84 55 44 84 24 38 4 95 32 82 85 44 13 28 15 12 17 15 71 78 89 53 46 74 34 17 14 4 57 30 14 62 58 97 61 14 40 88 43 53 92 51 72 13 23 29 50 37 45 5 22 30 24 36 46 
23 46 98 46 31 40 4 89 80 33 80 35 0 91 36 61 71 88 78 37 11 64 93 17 0 43 58 95 20 23 2 59 31 45 71 45 49 85 27 37 21 95 64 77 90 72 22 63 70 42 3 4 18 17 84 8 20 56 58 31 96 64 24 29 38 63 45 40 86 20 86 64 14 62 69 96 57 4 85 30 65 42 94 47 91 62 49 23 55 2 21 81 59 65 33 20 32 68 98 5 
19 64 78 80 11 37 35 34 92 7 62 93 38 82 10 4 68 27 89 54 67 31 23 90 63 38 30 88 8 45 75 59 87 50 18 94 8 77 22 18 96 41 28 87 3 67 73 83 51 99 99 92 33 46 68 61 66 17 19 57 75 24 13 20 74 89 11 74 60 60 94 29 7 97 64 80 37 78 46 83 44 39 32 55 1 95 0 54 88 15 59 50 69 31 74 52 37 83 9 48 
80 68 91 10 23 83 65 75 80 49 45 8 69 15 59 29 2 86 23 34 43 91 42 69 85 29 84 63 6 25 91 96 84 35 21 70 59 5 36 62 47 70 94 95 68 6 77 27 62 63 1 80 85 75 57 16 53 1 69 66 87 98 94 54 56 35 0 51 4 61 76 35 75 92 13 43 56 13 5 42 15 87 10 49 89 48 4 37 27 18 99 16 28 60 97 65 75 47 60 68 
53 20 90 39 16 12 59 93 58 23 76 28 58 32 43 72 40 62 6 90 72 65 21 10 35 80 48 63 59 20 6 70 6 61 97 3 22 4 78 12 17 29 62 38 18 12 46 29 76 28 20 84 24 15 6 99 74 13 28 31 6 48 88 88 23 49 10 9 33 37 83 88 73 51 2 12 9 34 8 65 95 11 53 15 82 65 0 32 88 65 77 36 69 56 79 31 13 32 77 66 
88 88 42 70 62 69 20 46 97 2 50 87 48 54 66 47 88 62 58 88 26 61 14 27 27 93 8 30 11 9 21 46 13 36 19 73 41 66 29 15 59 68 50 52 40 38 26 96 80 94 3 11 31 44 88 72 82 82 1 81 1 21 62 88 66 57 2 74 29 58 40 37 51 29 69 35 2 71 30 70 75 69 25 82 79 32 90 56 52 35 91 41 83 80 29 14 99 43 68 68 
34 51 95 83 61 71 76 33 34 85 37 0 0 19 23 68 54 94 73 9 94 12 71 13 70 5 46 51 74 86 91 91 76 43 63 32 28 8 57 61 32 99 96 44 33 24 69 94 41 1 29 56 84 21 3 78 85 41 28 26 77 31 84 16 16 83 58 22 53 71 90 71 1 34 22 52 40 81 11 71 18 94 5 48 45 27 17 39 96 3 24 29 89 68 88 90 25 78 76 39 
16 84 29 19 28 49 24 30 86 20 76 95 32 9 97 99 70 72 15 96 92 41 53 70 94 83 89 94 51 81 84 60 77 47 40 11 97 33 78 16 31 39 86 67 0 85 82 20 20 66 87 78 92 81 59 22 20 83 37 79 35 48 99 33 51 8 65 84 85 14 47 31 6 29 12 74 4 83 59 10 12 4 47 24 20 47 16 10 99 64 46 41 20 34 20 14 68 40 42 72 
70 79 63 15 77 94 90 81 19 19 53 27 61 42 41 3 80 40 65 68 42 22 29 13 66 72 80 27 38 97 77 62 90 97 83 76 70 55 28 11 17 76 12 77 34 72 20 46 69 12 37 73 90 54 95 50 49 22 66 40 6 93 48 31 53 72 23 34 10 62 38 61 22 79 7 98 10 15 51 5 30 47 58 20 19 98 51 21 74 15 7 73 31 47 10 22 53 87 58 21 
61 49 84 13 31 76 59 80 22 25 64 89 3 84 48 79 84 56 68 13 12 12 78 61 39 99 46 44 0 23 8 17 10 62 66 46 83 14 95 48 38 32 26 65 57 44 4 57 11 27 36 26 11 9 72 2 36 57 22 80 18 48 87 62 90 67 33 13 7 54 71 98 21 27 96 86 67 98 9 18 30 3 89 85 80 57 97 50 35 2 9 6 1 33 76 43 21 79 63 48 
57 32 1 54 1 18 36 43 33 56 44 29 58 80 93 45 85 85 64 63 7 24 99 59 15 83 29 10 39 23 77 75 27 55 38 59 48 81 61 84 91 71 25 71 58 86 7 63 40 21 37 83 54 73 60 90 3 26 38 53 56 73 79 41 9 56 61 99 67 88 19 22 62 30 75 93 72 78 87 2 41 80 53 75 22 36 83 47 49 1 39 29 47 19 21 18 21 79 7 61 
9 76 22 84 85 59 42 97 66 42 84 71 38 51 96 91 64 37 98 43 90 45 26 98 85 7 44 63 41 3 31 68 84 31 74 75 12 63 95 84 97 20 28 85 37 38 61 99 16 96 48 74 33 42 50 37 26 63 50 55 56 81 99 54 94 91 31 74 20 77 2 14 97 99 98 60 58 16 60 95 94 78 97 95 78 75 29 84 62 90 44 86 2 49 43 65 76 35 37 38 
72 10 58 19 26 11 86 37 63 34 27 63 25 93 1 58 41 21 47 59 77 92 63 37 92 90 28 90 62 59 52 45 84 90 40 99 47 0 52 75 34 23 43 78 63 87 0 23 79 60 69 60 98 82 65 44 81 89 5 38 48 39 8 46 4 1 47 58 73 55 60 46 86 69 90 58 46 39 90 3 23 43 26 22 78 54 20 13 49 29 99 75 17 56 97 50 61 46 28 23 
68 62 62 79 27 25 12 54 18 41 91 46 13 87 75 77 1 6 98 22 45 87 66 18 50 44 99 28 26 65 2 16 84 63 10 10 86 2 40 89 49 81 76 11 86 60 96 68 78 57 9 7 83 11 41 90 19 29 78 89 95 4 2 47 56 33 80 37 98 98 99 96 93 27 71 10 5 45 36 52 27 31 55 11 62 1 4 73 64 90 86 27 88 25 67 10 26 24 52 38 
87 30 69 92 15 4 21 63 22 55 56 70 62 76 66 94 27 32 88 30 76 67 19 49 46 85 66 51 72 76 10 73 1 89 16 99 55 2 46 55 9 25 79 52 0 4 52 73 7 9 13 68 37 88 86 16 80 39 98 95 15 82 62 57 69 41 47 18 89 63 30 62 23 92 77 91 13 24 55 7 47 87 34 37 85 53 33 15 90 68 4 46 54 88 12 30 46 71 28 81 
57 30 82 31 43 60 20 43 36 18 98 21 67 7 56 95 85 71 77 91 93 32 84 32 95 32 8 85 17 10 59 20 70 23 12 26 89 61 5 56 51 96 80 38 9 1 86 24 56 8 99 27 32 90 65 81 72 77 90 93 68 48 93 58 93 74 25 32 34 42 11 30 40 65 47 66 63 17 97 58 20 2 97 63 83 11 67 1 78 79 71 47 53 2 42 61 46 60 54 12 
9 52 15 41 84 1 34 22 48 10 48 74 67 24 80 24 43 39 83 32 13 46 65 34 51 51 73 32 84 67 25 42 22 42 56 49 42 16 77 57 88 5 12 28 70 54 53 29 18 57 57 93 4 50 93 94 75 68 2 30 65 21 0 35 89 85 87 25 8 34 23 60 24 69 0 48 69 73 22 75 50 42 96 22 97 99 92 56 31 65 35 80 11 5 25 94 95 57 43 23 

Generated matrix: 
Col count: 100
Row count: 100
88 20 50 62 2 63 97 2 23 91 37 85 27 82 21 49 10 38 44 39 9 29 33 71 91 11 6 64 75 10 42 49 35 49 65 75 13 7 3 6 18 70 80 39 43 36 99 56 8 98 66 60 97 41 90 37 20 15 13 44 45 91 88 76 41 48 80 84 42 8 69 39 84 16 9 22 0 41 14 81 54 31 75 42 13 61 94 71 4 21 92 23 41 44 86 89 73 27 23 16 
31 63 7 31 42 11 14 37 89 24 24 53 22 37 49 69 63 13 28 41 33 22 1 0 96 91 32 82 41 18 10 12 95 84 30 40 39 86 85 69 75 63 54 28 22 28 18 70 14 36 17 27 24 88 70 51 41 10 77 4 31 47 69 35 6 70 78 44 17 58 29 77 12 31 75 98 11 88 60 68 51 70 20 37 21 77 33 17 89 46 61 75 48 7 4 73 33 82 6 49 
34 33 53 9 66 31 69 3 13 10 73 72 88 85 58 95 88 4 72 85 34 6 85 70 63 75 19 23 78 52 30 84 99 49 95 46 45 21 32 67 56 93 83 49 75 59 87 76 52 5 42 11 62 99 85 43 10 70 6 40 7 79 80 25 72 0 82 51 15 98 57 38 31 9 64 8 59 28 18 90 50 96 3 0 40 53 96 57 3 96 5 1 44 92 33 8 72 8 69 69 
18 34 63 47 71 30 19 83 69 78 19 63 82 70 42 23 29 23 31 15 43 9 48 25 16 75 51 61 9 96 62 15 53 44 3 32 48 68 15 37 24 51 75 9 92 13 45 5 52 94 41 95 94 1 80 85 74 59 14 92 9 84 80 73 41 33 53 75 38 39 18 39 80 99 73 42 28 87 7 61 89 6 43 71 64 20 47 56 65 1 61 77 77 93 91 32 76 56 56 89 
4 83 83 32 65 3 42 95 29 83 88 64 16 22 20 12 36 75 78 58 50 97 93 11 97 41 35 23 80 14 32 99 8 57 73 73 20 95 74 76 84 5 80 89 58 47 53 55 55 1 73 40 11 46 66 68 12 18 84 7 28 67 86 43 68 36 94 48 92 19 8 61 61 65 99 16 21 5 65 42 37 65 89 53 43 65 6 10 67 54 26 11 93 74 42 86 16 76 69 80 
1 82 77 50 72 8 33 86 20 79 5 58 66 50 32 25 10 29 72 19 46 71 93 48 50 9 27 4 46 61 62 2 44 25 76 51 52 96 82 74 0 26 33 23 1 49 43 5 77 72 66 61 1 44 9 9 95 45 82 9 52 43 89 61 95 76 46 23 30 23 6 73 83 81 99 68 4 19 51 32 23 8 60 37 12 90 86 34 44 77 10 20 20 55 6 66 52 38 30 48 
98 56 89 74 92 98 94 87 49 21 6 7 40 77 71 11 38 91 40 92 70 47 4 71 48 95 53 39 47 4 93 12 36 83 83 85 51 75 52 15 13 29 42 93 33 64 91 79 56 49 43 90 44 64 31 49 84 69 78 75 66 5 50 73 40 44 76 79 73 72 5 35 11 33 1 31 16 53 27 9 90 34 71 12 50 35 80 77 82 44 49 56 67 86 82 73 33 71 64 79 
4 66 99 1 85 48 13 8 44 48 87 65 24 40 60 27 5 85 10 40 64 84 62 2 90 67 0 49 52 21 7 78 39 29 71 95 5 66 68 16 74 68 32 30 94 74 22 2 59 82 22 87 31 77 37 17 65 80 93 94 61 52 6 39 51 65 31 18 72 31 48 56 15 94 26 34 95 8 22 78 50 49 35 36 67 47 38 82 78 36 68 42 32 50 39 2 70 61 83 82 
38 92 60 19 68 9 36 83 92 95 98 70 26 3 82 52 12 19 61 61 12 80 98 18 64 98 27 92 79 50 42 59 14 75 3 82 81 22 99 71 97 45 23 31 33 8 95 27 25 56 38 56 59 19 39 81 10 36 78 45 82 83 69 73 53 10 83 68 60 5 38 8 5 92 29 68 85 59 33 45 99 5 86 26 60 86 6 53 50 40 25 95 75 66 75 56 28 88 11 77 
59 94 78 99 10 55 29 29 61 93 96 26 90 20 95 40 54 29 39 41 20 67 66 16 11 52 1 40 68 1 70 34 97 68 74 48 2 10 69 27 22 66 9 73 86 28 66 0 69 84 7 68 76 19 51 32 21 64 34 61 60 57 38 94 6 31 43 35 58 77 15 77 83 57 20 48 79 82 23 26 65 34 6 36 81 38 2 74 98 0 71 6 43 25 90 78 43 37 44 88 
30 4 65 52 60 55 52 86 0 24 71 60 59 35 47 35 72 15 0 18 72 25 79 21 60 51 78 9 94 0 26 87 93 72 49 23 85 64 26 10 98 48 40 29 74 41 47 59 41 74 94 13 97 66 71 56 88 5 42 83 50 53 17 92 69 3 17 66 66 23 29 61 65 49 79 94 6 34 45 94 56 19 22 30 33 20 51 24 43 14 90 41 84 55 20 3 52 71 7 42 
52 21 18 96 81 22 25 73 64 19 29 25 89 70 18 69 86 67 94 58 64 54 6 22 54 75 35 63 95 91 85 94 66 65 4 89 97 94 68 66 75 67 41 72 39 44 77 27 10 58 36 8 93 41 46 11 43 45 95 38 21 87 37 83 49 93 28 65 67 82 58 7 31 11 26 23 15 91 90 27 92 2 46 55 68 27 94 83 23 72 52 70 40 51 25 28 80 39 77 76 
57 27 45 67 36 3 91 74 5 65 15 6 8 79 24 19 62 97 6 82 27 33 77 24 22 83 95 81 47 47 68 50 71 30 67 11 35 78 26 84 8 93 51 59 31 97 65 16 42 73 30 97 29 24 54 69 96 68 6 75 58 38 92 59 3 97 59 5 19 73 43 75 2 7 29 55 76 23 98 9 30 65 46 79 83 84 92 23 46 21 34 85 29 60 74 42 43 82 28 89 
92 40 47 10 85 91 59 1 67 81 58 36 56 20 90 93 73 38 71 7 44 46 34 20 89 73 37 93 72 40 48 78 71 86 1 36 86 10 92 77 53 45 65 12 41 94 50 70 62 54 22 5 13 95 12 91 49 28 82 10 54 63 93 56 42 96 82 14 9 50 8 20 16 9 49 84 73 47 94 98 25 19 30 76 30 88 43 34 74 14 33 27 65 8 81 88 15 34 78 29 
93 93 79 25 2 9 19 9 88 68 15 54 73 94 74 38 83 1 59 86 54 38 69 18 85 61 23 5 70 79 84 27 4 46 40 61 83 67 38 64 65 35 67 22 79 63 35 86 32 42 40 6 95 9 62 16 49 4 95 87 97 32 84 13 56 49 49 38 89 37 47 51 17 86 63 16 41 29 56 91 44 64 18 27 25 75 29 5 86 96 24 11 98 16 31 19 42 66 89 39 
42 15 25 31 8 84 15 82 26 5 2 43 40 54 73 40 66 52 78 89 12 85 84 80 69 1 57 93 53 26 32 66 77 67 18 80 46 97 80 48 42 86 29 48 44 16 17 42 20 59 44 88 46 3 14 79 84 4 97 67 79 47 70 27 95 66 94 58 62 21 60 9 66 34 7 47 64 82 50 56 82 4 8 18 98 22 34 27 41 80 76 24 6 39 27 22 35 31 70 29 
82 56 53 17 17 34 51 80 60 0 56 34 92 65 1 19 22 26 96 29 31 35 77 10 23 57 87 48 33 52 14 88 52 47 41 97 67 17 99 3 43 27 83 13 91 12 92 15 87 32 80 84 18 82 61 39 86 49 82 37 57 94 65 25 76 48 69 16 85 1 3 36 90 77 95 72 58 54 20 57 77 19 74 52 19 57 51 45 2 3 68 48 15 93 91 50 12 29 22 35 
1 95 72 35 9 80 80 83 29 50 6 31 95 59 2 22 69 87 16 30 53 87 58 81 0 44 53 13 15 1 51 65 90 87 18 48 64 55 10 7 85 57 53 3 95 76 72 85 92 25 23 99 37 89 34 24 55 16 3 36 48 12 15 90 37 24 60 19 83 26 17 47 49 47 78 22 39 70 36 50 68 70 5 1 83 2 73 47 29 12 4 28 40 39 60 23 43 95 75 43 
57 21 18 40 45 87 88 45 48 49 22 40 98 23 6 54 46 53 51 63 32 62 73 26 6 36 16 51 29 91 22 86 67 4 55 53 37 70 40 90 9 82 70 59 13 64 72 75 76 74 61 98 66 51 97 0 24 81 17 22 87 29 98 14 61 92 49 67 18 92 74 14 68 7 45 48 74 13 46 43 55 93 49 83 39 86 72 55 64 76 10 41 55 97 18 69 59 47 84 77 
26 72 57 45 59 74 41 58 83 25 34 20 20 26 84 71 77 9 76 46 19 3 34 12 3 6 83 17 48 71 97 19 72 91 93 66 51 78 79 13 42 64 28 53 3 25 31 17 74 25 86 11 13 85 23 90 70 85 24 83 69 67 18 10 29 49 71 39 4 31 51 6 82 8 26 33 60 11 56 61 41 89 17 53 42 78 92 3 64 14 74 67 94 35 25 29 95 9 15 59 
57 30 82 97 76 31 77 90 94 55 8 76 23 75 27 23 85 7 97 71 74 53 72 49 19 64 60 49 73 8 92 9 27 45 94 73 70 14 79 90 94 61 44 29 54 60 52 51 60 6 22 35 78 57 3 57 28 48 85 57 51 90 47 47 31 90 24 22 82 56 28 15 20 89 58 45 16 39 21 31 9 1 34 95 91 2 2 94 20 41 74 97 18 62 71 71 19 23 1 88 
28 86 87 3 76 87 8 83 28 78 69 57 5 67 39 70 34 86 6 26 32 33 89 74 33 93 9 94 83 2 27 96 18 80 21 23 93 91 24 80 39 38 13 7 51 16 36 24 1 31 19 12 52 86 80 39 12 10 64 93 45 66 68 78 26 37 1 47 68 10 80 99 76 74 57 82 64 48 9 61 95 22 76 7 60 19 21 57 87 91 13 98 31 72 86 1 75 14 80 67 
42 18 91 80 7 15 68 94 69 99 66 86 64 58 65 72 23 65 94 19 27 14 87 18 10 58 11 49 54 15 29 99 80 33 28 72 32 53 78 3 95 58 7 27 17 64 55 76 14 70 77 13 63 95 59 16 58 45 13 67 53 23 41 54 9 50 65 6 12 79 53 9 1 99 28 75 60 80 70 17 17 20 49 32 51 99 0 62 18 6 98 90 66 59 55 78 99 1 65 82 
58 58 94 39 74 76 46 2 51 73 25 8 40 65 94 39 40 66 87 23 76 80 52 2 20 83 52 94 44 98 28 77 18 42 11 95 9 92 47 81 94 40 29 45 35 47 15 27 97 64 31 3 94 71 25 80 84 46 12 57 46 38 29 51 88 98 60 96 35 55 76 27 8 21 61 16 81 57 22 19 58 24 57 61 17 99 48 95 77 69 30 76 53 67 42 70 81 71 20 61 
48 61 73 12 56 91 86 77 47 23 42 79 55 99 49 18 17 76 40 24 75 4 74 48 87 39 22 88 12 73 76 23 7 39 82 33 25 47 99 31 41 30 79 64 33 32 66 15 65 91 71 62 22 62 33 31 30 33 73 37 21 67 43 7 74 99 83 13 64 96 45 20 39 88 1 21 99 68 0 34 26 7 32 86 75 48 7 70 7 89 71 80 57 86 54 35 19 31 57 49 
47 24 19 7 20 15 48 35 89 27 9 44 68 79 75 22 1 98 91 49 78 75 72 25 15 38 12 76 87 62 66 48 37 73 6 51 74 13 52 29 99 65 10 97 35 97 28 29 84 71 89 12 59 16 28 97 23 98 46 86 58 48 27 15 90 95 33 85 3 36 53 56 70 85 25 89 7 60 46 72 1 48 7 55 65 46 79 23 94 91 52 21 23 45 49 5 11 11 73 66 
3 15 27 87 5 4 50 48 51 9 63 2 26 92 30 85 46 43 69 24 54 5 89 73 7 13 98 10 31 13 2 16 56 7 30 6 41 21 20 66 24 38 26 44 13 1 56 4 72 14 74 63 65 43 33 29 19 73 0 47 6 97 11 84 24 82 98 46 92 17 56 62 10 45 59 92 22 28 17 50 7 67 10 28 3 70 57 79 28 80 5 55 89 54 36 54 13 38 35 18 
8 80 49 46 17 84 46 97 11 8 28 33 17 6 5 32 34 85 85 58 73 33 43 38 42 97 66 70 1 65 45 6 1 57 76 56 37 41 7 24 58 27 62 3 28 31 91 22 12 86 76 53 64 54 36 45 68 81 93 7 80 13 88 39 21 21 60 94 93 63 18 48 39 6 27 81 89 82 20 3 44 18 14 25 47 99 70 36 96 68 64 63 56 89 64 68 82 76 10 46 
42 18 67 14 92 96 21 71 36 80 4 10 63 68 52 39 64 90 3 41 87 31 8 97 55 29 97 54 59 69 54 53 92 55 98 97 55 71 55 17 93 12 16 15 31 38 90 41 87 40 89 75 90 13 44 28 10 70 84 28 44 1 38 87 11 88 44 21 7 72 75 71 99 14 62 63 82 49 67 60 46 86 95 23 57 60 56 42 1 86 91 27 90 84 49 16 66 99 55 23 
4 70 85 81 52 54 91 46 31 49 96 68 15 19 68 35 70 65 82 57 52 35 67 2 28 93 81 4 82 91 4 34 75 75 6 95 90 56 0 6 67 45 84 89 51 14 70 3 87 95 23 90 94 56 61 41 54 33 18 91 19 64 47 47 39 0 66 41 34 68 27 49 21 26 32 62 62 29 92 69 79 15 10 41 52 29 47 97 32 40 93 93 53 66 64 53 0 44 64 26 
15 91 61 3 13 23 99 5 40 32 86 11 38 5 25 74 26 2 63 73 51 85 30 37 64 45 32 36 58 4 28 56 27 28 19 55 39 53 46 77 92 57 91 25 97 72 8 57 4 59 47 66 10 37 72 97 87 22 53 45 50 28 24 61 0 59 91 81 12 56 45 85 4 86 21 82 50 94 8 22 18 17 44 51 73 60 8 59 95 19 56 55 3 87 49 62 95 40 71 50 
55 7 18 14 66 57 31 55 96 24 44 61 75 14 59 56 21 73 61 77 88 30 10 3 21 39 17 96 91 59 81 85 8 39 56 85 2 8 17 58 68 77 9 41 4 20 75 6 85 49 96 69 14 18 89 96 29 9 96 57 22 40 3 26 24 72 49 20 22 82 95 14 56 11 95 36 57 98 23 80 97 20 28 52 44 63 75 70 6 20 69 18 70 80 40 70 25 98 45 60 
96 83 89 56 55 50 61 45 18 24 29 63 89 33 46 58 27 97 50 42 72 78 65 11 44 97 31 4 66 48 33 45 29 84 67 46 97 16 15 31 98 22 31 42 30 45 5 3 67 77 24 83 19 19 51 32 80 21 70 53 40 58 53 19 1 31 85 4 79 15 38 15 10 0 55 53 59 83 62 31 48 1 7 82 92 9 44 76 74 71 47 52 4 94 20 66 96 70 35 9 
59 19 78 25 38 51 92 29 52 84 44 94 14 63 65 70 54 42 96 17 17 47 12 58 39 38 87 18 10 43 25 13 59 94 86 9 42 66 89 89 94 56 4 96 20 98 29 47 21 54 82 29 46 93 12 82 25 7 9 90 38 76 91 72 23 6 19 39 50 37 52 30 60 71 66 88 7 62 10 14 26 43 26 74 73 90 91 40 16 0 11 96 5 36 86 4 34 39 32 43 
41 44 88 7 30 64 4 88 43 67 10 7 31 83 73 50 82 4 21 97 26 90 40 78 11 8 76 86 7 43 50 77 8 83 85 32 8 88 53 2 72 85 0 80 98 50 94 63 61 25 89 80 2 49 93 82 67 18 54 56 21 36 60 21 19 58 67 50 11 50 63 23 65 61 55 63 47 25 2 79 1 8 21 10 12 64 57 82 63 72 84 41 65 74 91 58 6 89 90 73 
62 19 79 44 88 53 33 48 64 96 85 79 79 49 68 70 41 32 81 15 65 20 54 98 9 67 78 94 0 69 14 51 73 71 24 3 47 23 21 90 3 43 54 43 7 80 54 64 72 0 28 53 42 4 93 66 12 12 94 47 95 73 10 14 73 82 54 93 99 2 87 17 40 1 74 55 60 30 15 69 41 42 27 32 26 83 19 90 54 4 22 75 61 53 4 86 5 19 98 90 
23 66 23 46 25 47 84 22 84 57 39 36 32 64 85 40 60 29 2 64 32 57 99 44 79 13 51 62 45 47 52 22 85 87 64 76 72 85 65 70 17 11 90 85 30 2 27 93 13 63 32 35 93 48 5 59 36 5 84 26 89 13 27 32 35 74 60 79 56 30 52 54 0 59 96 73 26 66 17 75 89 51 22 28 53 25 51 48 30 42 69 75 98 46 24 30 10 13 26 60 
1 75 77 29 5 85 1 0 76 45 82 61 64 47 37 86 5 83 37 63 39 50 59 80 51 46 10 79 73 46 94 35 24 19 70 25 84 57 57 13 17 86 82 61 50 94 95 18 7 27 60 24 56 43 22 1 92 76 46 62 58 24 36 10 56 0 41 40 4 23 17 20 76 19 50 49 46 76 54 86 58 4 12 35 84 60 58 3 17 13 55 64 87 27 96 20 85 83 58 3 
50 75 59 18 41 53 34 58 70 21 12 33 95 79 4 40 93 45 87 14 35 73 62 10 57 99 3 58 84 63 70 66 54 26 76 30 88 44 45 13 20 49 3 96 51 92 84 58 85 50 45 28 93 19 87 58 48 37 59 34 23 10 68 1 48 75 36 52 54 39 48 68 12 48 50 74 67 15 66 55 41 91 29 23 75 40 53 41 44 15 49 51 64 17 89 36 51 78 71 65 
10 35 58 48 16 15 56 20 23 11 95 33 53 69 57 99 2 96 8 71 84 7 5 22 59 31 65 83 16 95 78 96 52 3 28 41 50 33 23 93 57 9 2 29 93 30 38 43 69 50 57 52 10 80 87 14 30 57 15 22 71 66 83 2 81 0 29 83 79 86 86 37 75 16 24 16 72 16 93 67 68 19 92 28 20 46 31 20 27 87 23 9 60 95 55 54 92 30 58 66 
23 74 41 17 44 65 64 52 39 42 84 16 68 51 64 58 42 53 10 55 93 21 18 11 39 67 47 44 21 81 50 9 66 81 31 20 60 72 27 66 18 60 68 5 55 13 21 52 86 53 54 87 69 70 88 54 23 29 1 33 36 96 86 26 87 11 30 39 12 68 84 62 69 7 78 15 55 86 60 13 46 18 92 49 97 18 36 28 21 93 95 32 86 8 53 55 67 1 33 45 
74 86 77 15 8 81 44 33 60 94 93 8 39 53 9 72 75 7 43 90 41 15 15 30 6 16 48 14 42 9 32 10 89 46 82 99 2 64 44 39 8 88 51 38 57 29 51 9 11 43 48 69 23 43 11 26 64 41 42 37 28 41 71 15 22 60 24 93 52 10 92 98 73 37 43 24 36 86 75 23 55 43 47 31 94 33 57 89 84 47 72 41 69 36 82 99 19 55 62 16 
66 93 58 37 58 9 24 64 91 40 26 67 61 26 14 93 4 86 47 18 47 49 10 6 40 2 25 7 31 27 57 10 72 52 9 85 12 3 75 43 32 19 62 83 8 93 78 27 79 64 40 61 60 16 91 92 62 60 36 18 90 98 57 89 9 12 0 41 21 88 47 25 33 95 69 98 57 36 82 0 8 77 99 51 72 4 40 27 51 24 79 28 97 46 85 71 75 99 97 65 
95 31 9 26 35 9 2 65 66 90 44 90 42 20 42 39 53 84 52 67 55 60 86 58 74 51 42 6 88 26 67 98 98 78 16 90 57 80 88 82 85 48 0 88 43 69 52 61 13 49 99 48 17 19 17 76 71 19 87 23 4 74 61 31 4 38 33 88 28 43 1 37 34 70 99 21 25 8 24 86 27 59 18 89 79 97 4 32 32 56 56 62 65 46 93 37 19 66 68 74 
97 72 27 21 19 15 88 99 45 10 76 54 32 25 69 52 47 82 7 20 76 86 59 95 33 22 18 27 78 40 24 10 94 23 24 2 18 56 84 56 15 21 75 43 47 32 7 91 10 54 78 40 30 59 49 18 21 22 40 29 74 85 5 42 83 38 23 45 86 77 91 53 78 71 97 88 64 48 53 16 75 53 6 43 77 44 85 82 45 30 51 48 53 68 36 60 62 26 63 25 
35 49 68 59 75 51 42 2 3 60 54 45 48 76 37 85 14 40 60 13 29 79 51 24 77 59 89 1 45 0 62 70 46 89 19 84 71 21 78 71 37 69 99 67 79 98 76 95 15 49 73 45 97 44 11 3 93 71 83 81 13 27 43 37 18 44 57 53 71 85 9 14 60 43 32 58 97 82 11 16 7 72 10 8 88 32 5 35 26 31 82 76 22 99 22 93 91 68 70 82 
50 32 99 72 75 81 63 78 33 46 67 8 54 17 35 28 75 57 92 40 35 9 7 82 0 72 71 71 46 55 69 38 67 52 44 0 55 8 87 95 65 90 30 20 57 83 37 26 18 42 4 53 92 98 70 27 86 54 38 50 1 89 99 7 45 27 72 83 54 44 22 97 47 0 10 76 47 3 11 83 92 60 53 82 57 77 46 3 73 82 19 63 22 91 11 44 33 44 15 88 
11 80 88 0 16 93 13 82 60 73 74 5 75 53 92 56 99 51 36 2 81 34 78 45 61 13 66 20 95 11 49 55 74 73 54 67 96 86 65 96 49 20 18 5 5 47 23 74 97 20 59 79 34 96 39 96 48 15 83 25 14 28 54 81 12 39 40 28 7 22 80 14 28 65 66 74 27 84 27 96 47 47 92 24 23 99 34 89 89 56 35 1 83 43 2 57 40 33 77 85 
32 5 96 75 56 47 42 90 93 98 96 95 42 89 26 35 78 11 75 35 4 93 81 81 67 60 49 40 94 56 1 48 96 39 35 31 42 99 0 92 30 80 74 91 56 62 86 73 13 4 26 50 95 33 90 65 76 44 19 65 10 7 10 35 43 4 99 87 55 73 81 0 7 58 5 38 71 77 56 23 25 38 11 91 4 33 70 93 46 14 33 69 53 79 65 59 21 17 86 2 
96 49 15 21 36 37 94 74 75 92 67 55 1 50 10 18 66 69 11 13 63 94 45 94 2 20 28 36 82 92 86 13 29 90 42 76 13 39 11 39 26 48 3 82 91 66 47 86 9 53 64 1 73 56 0 67 97 54 71 14 77 23 6 15 68 92 13 62 46 70 73 20 42 84 53 40 45 24 10 75 54 56 63 9 81 4 63 81 19 72 57 93 11 49 57 24 83 37 21 97 
18 77 29 25 34 6 49 68 36 11 76 89 4 87 32 25 99 14 72 94 38 75 51 53 64 22 41 41 49 59 73 54 39 68 29 19 75 58 30 24 88 23 55 89 47 85 52 64 90 11 56 78 68 38 44 17 0 2 49 89 74 39 74 13 91 59 98 37 32 89 52 35 72 33 36 51 31 47 95 16 32 42 36 48 17 74 61 51 50 70 33 73 79 72 52 14 2 42 69 72 
53 71 88 88 34 19 28 62 69 93 36 83 55 7 66 64 31 31 86 9 91 76 25 40 18 27 13 21 14 62 52 39 30 20 50 21 76 71 65 30 96 46 8 50 48 26 40 51 68 69 10 41 39 58 53 26 6 16 72 86 85 45 13 98 28 55 5 76 67 3 84 43 80 11 54 29 7 55 28 12 96 83 17 97 34 43 64 52 40 34 63 84 80 45 90 66 65 73 82 22 
22 33 14 86 22 24 79 61 83 46 8 11 21 57 64 78 56 75 52 97 2 14 86 41 51 49 37 94 40 10 52 40 43 28 25 55 53 84 70 48 93 64 50 73 45 65 23 0 16 26 20 82 99 8 26 27 10 69 73 71 30 1 64 60 80 13 47 89 85 12 84 99 61 23 48 78 43 93 53 87 39 20 76 78 35 67 7 4 16 85 73 32 1 59 41 83 30 90 42 84 
50 48 64 45 19 61 37 76 83 10 94 43 21 1 36 21 75 72 20 30 87 57 39 77 0 23 44 4 17 41 16 37 97 27 7 92 71 21 4 69 14 67 91 0 10 10 81 4 69 99 38 78 65 14 66 27 31 83 80 41 84 72 59 23 21 74 60 99 76 99 23 33 83 1 68 86 93 66 17 70 63 71 12 0 42 47 13 69 42 33 2 89 65 37 37 90 58 53 28 85 
20 87 41 19 34 96 64 77 84 93 25 44 65 25 26 4 12 19 98 20 22 89 30 44 10 19 9 95 5 19 99 4 97 6 94 59 92 63 8 68 17 55 33 57 38 1 26 94 13 24 88 15 74 52 23 9 52 34 46 61 64 77 44 26 31 86 53 74 95 31 83 29 56 40 17 10 37 78 21 2 59 10 39 70 47 66 29 65 59 99 94 21 53 47 23 8 64 57 28 7 
5 44 14 70 51 52 21 81 69 73 69 4 59 99 75 66 36 27 25 45 98 52 96 78 40 32 69 67 70 54 98 55 46 25 80 56 4 96 74 81 47 46 50 3 20 96 31 55 44 94 39 75 22 7 43 60 7 49 34 41 98 9 51 17 52 7 90 75 41 71 50 75 17 36 52 65 93 66 53 31 22 47 6 44 71 55 37 96 24 10 97 91 28 54 67 93 37 66 47 48 
92 77 94 90 86 68 5 72 1 56 8 0 7 4 34 4 97 99 1 18 3 2 54 64 32 46 50 16 84 9 72 53 25 94 47 11 66 58 84 14 65 46 44 38 41 67 56 23 52 38 83 40 66 38 14 82 13 67 92 13 74 61 12 38 42 2 3 68 78 9 95 13 5 44 73 96 47 33 28 69 7 69 95 40 59 53 13 36 20 91 1 1 38 9 64 1 69 73 99 80 
97 14 86 74 80 38 91 22 22 5 65 26 20 17 37 86 45 57 94 22 53 73 1 83 80 59 36 93 67 28 84 8 95 76 2 73 84 24 30 1 0 96 92 65 93 63 65 65 16 99 22 75 56 16 12 11 4 65 3 10 48 1 0 91 1 1 47 30 3 75 47 28 31 34 16 40 86 94 7 29 41 26 84 92 81 51 38 90 26 51 29 39 76 42 57 82 98 58 8 57 
74 70 88 87 66 14 94 21 61 21 99 35 7 12 41 6 35 87 75 79 63 74 63 65 10 38 21 20 18 6 13 94 41 49 90 75 70 62 26 86 20 62 21 94 22 30 69 47 99 97 52 7 14 62 65 13 71 73 42 85 5 35 31 20 23 4 21 24 46 75 46 13 96 33 33 67 99 84 34 56 61 2 83 89 84 99 94 97 83 51 90 22 31 86 30 57 94 99 37 72 
18 40 97 63 41 56 23 25 48 49 35 85 89 1 89 81 36 40 27 78 74 65 95 70 69 30 81 51 36 30 47 33 98 71 29 92 35 93 23 4 59 18 54 58 78 50 50 48 69 26 55 8 60 17 32 66 35 65 93 76 41 10 29 11 95 76 46 8 21 74 93 73 36 98 19 47 62 33 59 49 82 12 43 47 64 5 12 16 79 40 61 42 91 53 60 13 7 45 1 23 
4 73 14 47 21 66 71 32 3 86 70 21 44 64 26 95 27 40 77 27 95 38 18 58 29 21 65 63 81 64 34 69 68 53 40 11 76 78 38 16 73 1 48 87 73 55 9 20 21 86 86 57 38 33 95 1 66 77 38 62 66 49 4 90 17 74 80 92 8 89 39 69 86 7 46 67 20 88 19 50 78 83 75 34 44 50 25 57 83 53 20 41 12 66 3 33 83 28 82 94 
30 76 54 90 20 59 58 46 46 21 53 84 29 96 84 98 66 28 19 86 12 62 44 25 62 13 52 64 93 64 83 78 88 63 53 78 61 56 30 64 9 3 62 52 79 47 24 90 22 12 30 94 60 38 60 25 20 78 91 33 28 12 21 99 72 54 1 2 23 37 56 43 59 85 67 24 12 58 21 82 43 86 30 56 64 27 62 97 87 82 99 74 24 90 25 50 78 72 24 98 
38 23 30 61 71 20 84 65 88 92 70 1 38 13 94 88 97 79 20 42 98 33 53 97 13 1 48 10 12 61 58 27 84 75 30 2 2 52 20 3 3 53 31 87 25 10 86 13 44 4 28 47 53 15 16 55 18 65 84 39 56 79 78 19 23 17 18 33 87 40 19 83 52 85 0 13 95 65 99 29 84 97 1 29 76 39 33 24 28 14 87 38 61 56 1 70 20 34 8 86 
82 21 98 39 48 72 5 58 28 1 49 90 88 7 34 87 28 38 27 96 91 45 51 98 52 8 46 70 43 1 66 58 91 55 33 52 55 43 70 22 73 79 27 97 83 20 25 77 4 60 71 23 11 32 30 76 75 1 14 94 28 58 55 56 51 14 47 17 65 76 27 34 20 51 5 79 26 1 41 72 68 64 8 5 88 81 30 99 88 81 41 70 30 89 83 80 17 57 92 8 
41 61 80 37 71 96 48 14 33 55 57 71 97 19 99 54 57 59 57 43 55 92 57 97 38 42 49 27 13 28 90 44 12 65 61 96 18 11 76 67 87 17 95 7 34 36 8 45 55 34 2 1 34 24 77 29 28 98 67 93 11 17 54 8 83 80 63 58 80 32 84 74 94 47 78 15 11 72 70 32 54 82 48 20 59 43 47 4 76 31 60 56 96 82 34 22 79 14 40 39 
9 14 21 50 8 29 78 64 96 15 61 13 22 51 1 25 77 37 63 31 9 75 76 3 47 71 82 52 27 40 45 20 89 82 18 85 18 83 39 84 46 29 82 13 79 66 20 63 24 28 6 66 73 21 67 19 64 38 38 95 21 76 38 77 20 60 20 62 51 46 96 2 76 41 45 49 4 53 61 91 5 17 4 70 86 77 49 42 8 21 0 88 98 60 64 44 83 47 78 16 
29 76 11 95 50 92 81 19 90 82 63 68 63 55 80 88 53 63 29 80 22 84 63 89 82 79 33 39 29 28 1 37 98 19 3 77 85 9 58 52 69 28 4 14 2 4 15 91 17 63 1 19 38 85 77 95 61 89 90 6 82 55 37 67 63 34 56 64 63 13 58 32 64 83 63 54 7 73 88 98 80 6 56 30 57 73 82 26 55 10 52 16 95 27 49 75 40 13 14 87 
26 44 6 59 57 56 64 79 0 34 51 5 48 63 26 38 49 91 19 37 99 98 29 57 59 17 57 33 21 29 57 58 22 57 28 60 66 53 11 57 15 18 26 47 10 73 96 49 56 37 11 6 22 94 14 14 90 32 62 37 45 28 5 38 69 53 60 29 16 20 64 1 0 2 98 14 78 34 64 91 90 0 71 8 52 53 68 82 53 29 60 7 41 40 63 34 41 28 9 57 
95 3 43 91 69 57 54 8 67 70 67 10 85 44 79 38 49 42 45 38 19 16 74 71 77 43 49 78 70 90 0 55 6 8 96 33 8 1 68 43 39 59 73 89 23 60 86 2 76 35 47 36 8 93 68 77 25 39 44 59 98 10 61 56 34 54 75 9 85 51 56 93 24 98 94 9 75 33 93 38 46 11 49 15 16 3 47 41 84 31 92 45 23 56 74 21 12 5 32 95 
26 50 19 39 75 76 26 88 38 62 99 99 3 95 42 21 23 99 83 30 76 71 13 74 80 22 50 16 81 58 75 98 81 72 64 41 39 28 50 62 78 61 76 45 87 25 88 98 94 84 15 74 91 12 72 13 13 62 99 86 60 3 88 50 1 10 36 35 6 50 64 45 89 31 22 60 21 43 49 6 9 19 0 47 58 8 3 91 47 80 17 27 24 46 72 56 86 47 35 97 
78 94 69 44 78 55 22 52 95 11 95 78 18 40 5 67 68 93 51 62 33 54 41 23 16 38 41 79 61 48 64 23 32 32 5 64 82 43 3 73 11 67 97 30 59 15 23 76 15 2 61 33 55 74 55 94 25 35 92 12 17 49 99 28 24 40 17 15 20 32 94 27 86 46 23 0 23 83 93 59 49 7 79 65 57 24 62 67 75 13 77 18 34 58 65 30 14 3 83 33 
0 33 78 30 55 25 4 43 38 4 0 40 91 16 10 53 40 62 62 56 41 96 57 45 60 58 30 31 13 44 25 93 46 80 52 77 32 66 22 52 13 48 11 11 65 69 43 22 51 46 56 92 32 9 94 2 92 13 81 85 58 14 77 79 51 62 19 58 95 14 24 85 78 5 3 0 30 6 64 3 22 20 88 94 37 86 89 60 81 89 46 22 25 27 37 44 54 98 93 59 
33 86 26 66 60 76 87 54 48 40 99 20 6 41 73 75 49 45 7 88 15 16 11 11 78 91 23 55 19 34 6 53 66 89 24 2 36 16 0 31 81 26 2 70 18 57 12 84 7 89 82 81 27 71 61 68 48 68 69 80 7 51 43 97 97 43 50 17 76 66 54 94 38 12 7 52 70 84 92 47 50 2 80 79 56 61 99 9 41 11 73 56 0 84 48 5 36 24 92 95 
19 30 64 14 54 30 28 35 50 41 22 73 37 28 31 67 62 51 18 50 99 77 85 35 57 98 16 74 85 32 50 57 33 35 26 85 7 48 83 42 27 13 57 38 61 8 69 56 73 21 45 91 11 85 84 27 23 85 35 48 57 40 60 27 67 6 54 33 67 50 63 17 56 44 10 10 42 80 88 27 50 50 10 24 40 31 73 78 44 12 38 87 28 71 2 96 63 55 45 55 
43 37 12 45 81 97 84 5 31 46 66 31 24 83 61 81 76 47 42 68 46 44 33 98 77 96 28 28 99 97 5 39 19 84 21 17 19 41 24 94 46 9 53 45 3 36 35 1 1 93 50 64 44 25 43 99 93 25 30 48 59 21 62 61 2 10 20 98 25 19 14 91 5 61 67 15 68 8 99 18 56 70 33 98 75 50 5 0 76 45 12 83 82 47 95 81 6 93 36 87 
83 76 97 82 9 6 63 84 53 12 50 98 57 0 18 79 25 88 50 71 14 37 62 89 80 78 65 91 65 21 61 33 41 76 1 85 5 84 52 37 96 92 96 86 11 33 91 98 69 83 87 78 99 47 89 71 37 99 99 91 88 12 62 38 84 87 23 14 67 8 8 41 17 11 48 30 23 68 87 60 39 38 91 51 50 25 87 88 97 62 90 36 10 91 21 21 99 36 39 62 
89 76 66 89 3 94 22 2 73 53 46 4 36 90 35 12 60 97 25 17 89 14 81 36 61 75 21 7 30 0 52 93 48 46 42 59 37 60 27 82 73 52 56 18 99 75 74 62 29 97 76 33 28 88 73 17 51 63 34 98 34 10 70 3 52 21 23 18 82 87 99 58 35 81 93 15 24 76 69 57 13 64 98 61 59 51 77 80 57 47 80 14 2 31 95 84 29 49 23 23 
91 1 65 94 38 77 61 78 39 58 24 81 32 66 24 84 80 33 34 90 87 15 91 38 58 83 0 72 62 46 33 49 90 2 74 34 44 15 16 8 29 93 5 46 73 56 43 82 65 68 12 73 45 79 27 66 62 1 52 27 24 21 5 41 90 23 89 45 11 26 94 36 21 64 75 3 17 92 45 28 85 48 98 94 10 95 48 3 31 63 64 61 91 88 3 2 55 4 7 69 
19 12 87 86 15 20 12 46 8 16 56 97 13 18 4 65 39 64 14 48 32 6 83 97 23 9 51 4 14 17 83 8 74 45 7 67 72 48 36 29 77 71 82 57 64 54 15 78 24 13 14 37 85 93 22 81 64 39 53 84 18 57 34 56 34 27 2 58 3 10 29 70 94 21 9 57 14 36 7 85 49 14 22 83 30 74 60 55 5 10 37 9 47 29 47 27 25 95 13 60 
64 31 8 19 41 98 83 53 67 83 51 33 42 91 59 54 68 13 59 44 75 94 47 39 70 36 71 78 48 10 74 60 3 62 43 65 27 58 82 19 40 52 48 32 50 44 65 60 62 0 75 77 94 67 63 91 81 87 9 81 70 99 22 98 69 93 26 5 92 41 88 26 43 54 33 84 70 33 8 40 52 57 1 28 5 10 22 65 10 10 94 28 62 54 81 63 45 85 32 1 
7 36 11 71 35 50 83 19 50 71 85 23 43 68 52 26 6 2 70 15 17 93 18 91 91 59 60 18 27 70 98 10 10 30 74 36 85 92 65 47 81 12 6 75 98 35 81 23 23 90 4 32 72 23 88 26 74 30 33 72 24 91 19 31 19 95 81 20 83 67 64 49 49 26 92 59 61 36 36 22 29 24 16 29 9 1 88 64 3 79 77 24 71 33 76 42 67 39 15 12 
24 69 95 53 80 52 36 64 85 99 40 33 64 60 2 76 95 70 31 59 13 7 1 58 0 39 84 6 41 42 50 59 92 71 27 27 75 30 64 21 24 10 33 71 35 56 87 45 83 99 49 65 50 61 51 11 11 62 16 42 31 12 61 82 12 0 63 79 90 84 18 27 4 71 21 91 16 25 61 50 23 32 77 80 32 8 57 27 41 6 47 4 15 86 80 72 99 34 72 13 
76 23 76 1 49 14 25 15 97 4 89 58 53 72 80 98 36 46 65 56 97 46 26 94 38 26 19 77 81 14 85 93 3 26 96 55 21 13 75 89 71 84 72 82 65 92 73 60 98 63 77 32 27 3 13 86 60 90 26 58 70 83 31 11 17 68 68 6 82 42 27 90 69 13 28 48 25 88 33 42 93 93 79 79 71 81 3 2 84 77 5 39 3 26 34 14 39 39 66 29 
75 33 8 63 81 51 51 52 3 91 3 28 58 73 61 64 26 68 16 35 28 47 87 90 31 3 77 44 52 66 56 21 13 91 31 50 33 62 43 84 74 42 36 10 49 36 97 87 7 91 53 77 62 81 2 33 74 73 96 75 18 1 80 49 82 92 47 4 46 42 26 87 39 61 39 88 74 9 1 41 23 54 94 88 95 97 90 0 93 61 8 64 51 21 73 61 20 0 41 48 
0 44 42 46 32 27 97 14 5 52 4 25 88 59 2 84 74 25 37 57 50 71 69 63 0 32 10 78 59 22 5 68 83 30 93 3 27 17 5 79 1 45 85 76 64 60 14 56 85 72 96 59 8 38 98 21 49 80 45 99 65 7 41 39 34 38 74 54 92 47 76 49 35 24 58 0 18 22 93 10 58 49 11 63 8 27 56 16 77 80 21 45 84 62 32 5 94 7 28 22 
85 16 58 34 99 66 38 84 23 88 15 33 90 51 58 99 32 70 82 24 38 36 74 3 55 5 52 81 27 66 81 63 12 57 74 28 93 49 61 90 30 71 26 36 13 79 57 31 55 58 77 67 90 92 8 66 75 61 57 0 61 53 12 98 64 10 72 53 85 95 47 82 15 91 15 32 71 26 24 6 29 8 96 44 46 28 22 80 14 29 24 7 47 29 4 74 5 62 65 42 
34 75 63 52 14 31 73 74 3 65 40 40 6 40 48 35 42 13 46 24 2 23 65 24 87 79 67 55 76 90 49 83 65 77 79 69 80 64 17 24 94 26 99 70 27 37 96 59 57 29 83 47 75 36 27 20 91 98 56 94 64 70 27 76 90 21 14 61 63 77 94 63 60 99 38 3 83 52 65 38 48 86 9 7 43 87 95 7 19 30 19 83 45 69 23 77 77 63 36 46 
34 16 2 3 13 63 82 7 7 8 2 18 7 71 36 96 72 21 56 29 1 31 96 28 64 76 38 38 73 4 1 87 66 39 33 40 12 39 77 7 61 90 48 48 22 72 32 21 81 62 66 2 12 89 98 59 7 42 96 95 83 35 93 33 17 82 8 86 87 33 48 39 3 34 55 68 45 50 37 82 6 70 55 14 59 20 39 68 33 37 32 47 31 31 56 54 74 47 55 8 
60 86 76 37 36 0 66 98 39 27 11 52 80 72 44 88 19 61 30 70 35 95 75 84 41 6 74 2 29 23 41 24 24 31 63 76 45 99 37 46 81 80 10 82 70 40 40 38 7 51 47 1 18 28 76 96 13 92 88 55 87 61 58 81 82 87 63 85 9 56 93 4 15 98 47 96 4 12 76 22 97 6 58 94 11 89 24 57 78 75 76 20 99 15 91 10 84 30 46 26 
72 70 98 76 89 80 48 39 83 58 11 46 75 74 67 28 82 46 99 13 1 32 7 78 77 42 4 16 36 40 42 42 18 67 15 90 35 26 10 7 73 19 55 96 10 91 10 64 37 55 79 1 26 4 9 63 85 18 8 20 91 73 50 66 48 40 49 85 28 44 37 2 80 10 40 5 86 25 44 49 42 39 91 89 69 26 74 91 4 2 95 4 81 22 85 49 44 92 11 91 
49 63 13 51 8 60 19 21 11 1 55 15 20 39 77 77 29 42 55 37 37 43 99 53 65 29 1 60 57 13 69 78 62 1 43 7 47 17 3 56 44 29 36 47 99 86 1 77 71 20 14 53 76 56 25 63 21 68 81 46 84 60 77 7 99 52 53 16 99 28 37 70 26 15 27 28 12 25 44 53 48 28 24 55 66 50 72 30 11 2 60 7 87 68 28 83 15 71 92 69 
71 54 57 47 69 58 56 62 98 48 34 40 73 78 38 73 73 37 41 1 36 71 88 52 25 66 45 24 15 74 53 55 40 99 90 23 53 46 24 98 29 18 46 32 97 91 90 92 67 85 63 26 67 11 84 44 2 26 53 39 63 93 86 57 85 54 84 13 14 92 61 48 69 28 0 75 34 98 66 86 40 89 12 56 6 90 16 0 27 68 71 48 83 44 85 16 70 48 77 39 
75 90 48 7 47 26 57 3 29 86 80 82 35 2 12 42 31 37 59 15 7 35 89 27 10 3 20 59 19 88 50 71 73 2 6 51 90 92 45 30 94 93 42 49 35 91 64 49 71 27 63 85 42 47 31 95 62 87 89 58 77 96 73 83 84 34 29 12 62 69 87 57 81 55 74 50 51 33 95 50 74 19 87 87 40 58 42 30 57 47 62 66 62 54 26 29 72 48 70 72 
84 53 76 12 98 78 78 89 52 36 34 31 75 51 55 20 70 90 94 59 68 15 57 14 17 94 64 66 20 87 98 96 7 46 19 51 44 43 28 39 20 71 49 49 40 27 47 13 3 88 50 37 10 23 48 35 35 89 68 62 54 92 95 50 47 82 13 30 40 67 34 64 38 75 75 96 51 61 63 61 87 27 78 17 81 63 97 20 42 87 25 93 68 69 19 85 36 13 13 49 
42 89 38 10 94 32 60 40 49 30 63 64 51 12 67 84 15 71 39 33 17 64 60 39 38 96 16 2 99 97 96 16 73 93 2 48 37 17 29 1 41 27 79 43 93 75 57 28 93 8 25 59 44 39 29 92 74 3 4 12 63 28 18 22 7 67 1 95 74 3 22 95 5 51 23 10 24 99 55 66 91 57 33 73 64 85 27 32 86 72 30 95 68 2 5 5 86 31 51 65 
93 14 14 61 11 78 48 23 9 61 90 66 97 21 10 20 11 53 2 22 68 90 69 24 23 49 4 55 99 42 95 21 15 21 54 9 84 8 40 40 78 41 81 28 46 54 60 95 51 17 43 8 41 25 63 38 62 67 49 74 66 46 31 96 14 13 21 41 40 29 60 49 98 94 1 84 3 60 51 11 44 90 57 32 44 22 7 62 43 8 0 72 54 45 70 1 92 66 68 7 
63 33 32 61 41 57 1 37 84 85 62 70 61 43 77 15 8 99 56 95 46 26 2 54 21 34 60 37 49 35 22 29 8 29 28 72 35 1 90 29 61 2 71 91 86 6 27 54 24 26 88 94 18 31 47 20 21 5 1 63 99 53 28 8 84 56 65 91 49 72 23 94 45 64 57 7 59 24 82 15 69 1 54 54 18 39 70 86 59 86 45 79 72 96 97 96 67 18 97 37 
10 84 29 86 37 54 48 61 64 32 19 71 7 62 54 67 57 39 8 72 42 89 48 22 75 99 38 57 57 39 13 90 7 41 15 95 82 56 4 30 50 39 97 22 1 88 20 54 28 11 12 62 32 79 78 7 97 51 15 99 1 7 82 31 26 24 54 55 29 70 25 72 48 13 76 96 53 92 28 74 97 99 50 32 59 19 99 99 77 40 23 74 53 34 10 23 81 97 1 56 
29 60 91 58 83 6 74 64 53 4 50 31 75 34 16 5 4 96 59 33 75 9 34 14 67 5 27 39 11 20 33 23 12 30 50 45 65 45 52 60 62 46 2 26 6 33 91 63 27 88 38 49 91 79 85 98 76 94 3 66 81 8 34 0 60 33 18 16 84 6 53 15 92 40 64 78 87 75 54 36 51 95 56 80 37 38 12 72 39 19 48 21 2 18 35 83 67 80 80 96 
31 43 50 64 30 64 16 40 85 62 34 17 38 43 73 13 74 77 82 22 86 59 68 47 94 45 21 19 73 3 62 87 83 74 14 12 58 97 90 67 64 99 38 83 66 61 89 97 25 5 79 53 23 14 25 44 33 10 71 10 16 90 93 80 95 52 79 4 58 0 70 44 97 33 0 44 64 30 81 23 91 65 36 10 95 88 93 69 32 73 73 75 78 61 93 37 19 52 29 22 

Date: Sun Oct 07 00:53:36 EEST 2018
=============== SECVENTIAL ===============
