Generated matrix: 
Col count: 10
Row count: 10
9 7 11 3 82 46 79 76 19 9 
47 3 89 12 57 25 50 78 36 76 
61 41 64 19 2 13 4 49 30 6 
47 65 58 16 44 93 61 69 52 77 
95 26 71 92 88 56 34 96 82 50 
75 15 44 15 74 58 35 21 17 39 
43 9 56 91 8 87 99 41 4 83 
89 19 58 2 89 62 3 31 4 98 
4 33 19 1 87 17 22 80 1 58 
50 88 51 1 36 50 28 24 52 58 

Generated matrix: 
Col count: 10
Row count: 10
70 91 89 95 59 25 30 47 4 81 
79 31 9 96 82 58 5 28 72 23 
66 32 32 6 73 63 66 2 80 39 
22 4 80 62 6 73 86 11 34 75 
17 83 10 11 10 84 28 58 92 24 
48 97 40 91 66 35 26 90 4 7 
10 76 49 72 9 7 26 68 43 24 
8 80 30 37 39 26 30 7 85 90 
57 8 78 31 1 71 49 14 65 63 
9 33 9 75 78 89 26 99 75 22 

Date: Sun Oct 07 01:49:08 EEST 2018
=============== SECVENTIAL ===============
Elapsed time: 1
79 98 100 98 141 71 109 123 23 90 
126 34 98 108 139 83 55 106 108 99 
127 73 96 25 75 76 70 51 110 45 
69 69 138 78 50 166 147 80 86 152 
112 109 81 103 98 140 62 154 174 74 
123 112 84 106 140 93 61 111 21 46 
53 85 105 163 17 94 125 109 47 107 
97 99 88 39 128 88 33 38 89 188 
61 41 97 32 88 88 71 94 66 121 
59 121 60 76 114 139 54 123 127 80 

=============== PARALLEL ===============
Number of elements in matrix: 100
Rounded number of elements per thread: 12
Modulo (remained elements): 4
Thread number: 0. Amount of data: 13
Thread number: 1. Amount of data: 13
Thread number: 2. Amount of data: 13
Thread number: 3. Amount of data: 13
Thread number: 4. Amount of data: 12
Thread number: 5. Amount of data: 12
Thread number: 6. Amount of data: 12
Thread number: 7. Amount of data: 12
Elapsed time: 48
79 98 100 98 141 71 109 123 23 90 
126 34 98 108 139 83 55 106 108 99 
127 73 96 25 75 76 70 51 110 45 
69 69 138 78 50 166 147 80 86 152 
112 109 81 103 98 140 62 154 174 74 
123 112 84 106 140 93 61 111 21 46 
53 85 105 163 17 94 125 109 47 107 
97 99 88 39 128 88 33 38 89 188 
61 41 97 32 88 88 71 94 66 121 
59 121 60 76 114 139 54 123 127 80 

