Generated matrix: 
Col count: 10
Row count: 10
5 5 3 3 9 7 8 8 1 5 
5 9 1 4 8 8 9 3 0 8 
0 2 5 8 7 9 2 5 1 0 
8 1 0 8 8 5 7 5 6 5 
6 7 6 2 4 5 7 8 4 8 
1 5 3 3 8 1 6 3 2 0 
9 4 1 4 8 3 9 0 9 6 
0 1 9 6 8 5 3 3 7 5 
6 4 0 7 2 5 3 2 5 0 
4 0 5 2 9 5 9 4 2 7 

Generated matrix: 
Col count: 10
Row count: 10
5 2 4 6 3 2 9 5 6 8 
1 4 9 5 5 9 8 4 8 9 
7 9 7 5 6 0 2 6 3 6 
8 1 1 3 2 7 4 0 7 5 
4 5 7 5 5 1 8 2 6 9 
0 0 8 5 2 8 7 0 8 6 
4 4 4 8 6 2 0 7 7 8 
3 4 2 9 4 8 0 6 1 2 
8 2 4 2 8 9 2 1 2 2 
8 8 0 4 2 3 9 3 2 8 

=======================START MULT=======================
=============== SECVENTIAL ===============
Elapsed time: 1
215 211 260 317 221 245 271 201 286 363 
214 211 274 303 212 257 327 188 327 409 
160 126 204 202 149 206 179 97 222 233 
268 168 207 275 215 252 268 160 276 333 
259 248 259 320 245 271 277 227 269 367 
136 132 175 179 158 138 142 121 181 222 
276 189 235 260 245 231 288 173 282 362 
261 209 220 218 217 207 208 135 213 279 
156 75 157 164 138 206 175 88 202 205 
227 212 208 265 201 160 228 178 232 323 

=============== PARALLEL ===============
Number of elements in matrix: 100
Rounded number of elements per thread: 25
Modulo (remained elements): 0
Thread number: 0. Amount of data: 25
Thread number: 1. Amount of data: 25
Thread number: 2. Amount of data: 25
Thread number: 3. Amount of data: 25
Elapsed time: 33
215 211 260 317 221 245 271 201 286 363 
214 211 274 303 212 257 327 188 327 409 
160 126 204 202 149 206 179 97 222 233 
268 168 207 275 215 252 268 160 276 333 
259 248 259 320 245 271 277 227 269 367 
136 132 175 179 158 138 142 121 181 222 
276 189 235 260 245 231 288 173 282 362 
261 209 220 218 217 207 208 135 213 279 
156 75 157 164 138 206 175 88 202 205 
227 212 208 265 201 160 228 178 232 323 

