Generated matrix: 
Col count: 10
Row count: 10
9 5 7 1 7 6 8 7 3 3 
9 8 7 3 0 1 8 9 1 9 
1 7 0 1 7 6 3 5 9 3 
2 1 1 1 9 4 2 2 0 3 
8 3 3 0 9 9 9 7 8 6 
0 4 8 3 2 7 1 1 7 7 
6 4 6 1 4 5 5 6 1 5 
6 3 3 1 1 0 4 1 1 1 
8 9 5 4 8 8 5 1 6 5 
2 4 5 4 6 4 3 8 2 7 

Generated matrix: 
Col count: 10
Row count: 10
6 3 8 3 8 0 2 5 5 1 
2 1 7 4 1 7 2 9 0 1 
4 6 2 4 9 6 3 6 2 2 
2 9 6 9 9 7 3 1 0 3 
3 6 8 3 6 3 0 5 7 1 
8 9 3 0 8 0 2 8 5 4 
6 3 2 8 6 1 4 5 8 7 
2 5 8 7 0 3 1 4 0 1 
7 7 7 8 8 4 1 3 2 1 
7 7 3 2 4 4 2 4 4 1 

=======================START MULT=======================
=============== SECVENTIAL ===============
Elapsed time: 1
267 280 303 248 323 158 112 305 220 131 
248 252 285 267 270 194 126 285 166 119 
203 233 255 198 216 143 63 226 138 80 
116 149 144 86 145 67 36 133 123 52 
331 340 338 272 362 152 112 323 266 146 
214 260 179 166 261 163 81 211 115 81 
206 223 221 179 237 130 88 235 157 96 
99 85 115 103 129 64 50 112 81 50 
291 316 324 245 364 197 114 326 218 126 
195 260 243 206 231 167 83 223 138 88 

=============== PARALLEL ===============
Number of elements in matrix: 100
Rounded number of elements per thread: 0
Modulo (remained elements): 100
Number of threads: 1024
Elapsed time: 117
267 280 303 248 323 158 112 305 220 131 
248 252 285 267 270 194 126 285 166 119 
203 233 255 198 216 143 63 226 138 80 
116 149 144 86 145 67 36 133 123 52 
331 340 338 272 362 152 112 323 266 146 
214 260 179 166 261 163 81 211 115 81 
206 223 221 179 237 130 88 235 157 96 
99 85 115 103 129 64 50 112 81 50 
291 316 324 245 364 197 114 326 218 126 
195 260 243 206 231 167 83 223 138 88 

