Generated matrix: 
Col count: 20
Row count: 100
1 0 4 6 0 7 8 9 8 9 4 9 5 1 6 1 3 9 5 7 
5 8 5 4 6 3 4 1 4 4 4 9 7 0 4 2 2 0 1 4 
0 1 8 3 0 3 3 1 5 1 7 7 5 2 6 3 3 4 6 3 
7 5 2 6 1 4 9 2 6 2 8 6 8 9 1 5 8 3 8 0 
5 0 1 4 9 4 4 0 1 2 2 5 1 5 6 7 4 4 1 1 
1 6 3 7 5 1 0 4 3 1 3 5 7 2 9 3 0 4 2 3 
4 8 5 9 5 8 2 6 2 6 3 9 3 3 9 7 5 0 5 4 
8 4 6 3 6 8 3 0 3 2 4 4 0 4 2 7 5 7 3 4 
2 2 8 3 4 1 6 7 6 1 3 7 1 4 6 8 0 5 2 4 
2 6 6 1 3 3 5 5 5 1 7 9 9 2 9 3 5 4 0 9 
4 8 7 8 7 5 0 4 8 4 1 8 8 6 1 7 9 8 0 8 
2 5 3 1 3 7 8 4 8 9 4 7 3 2 9 3 1 3 4 7 
8 4 0 2 9 5 4 3 6 0 6 5 0 0 8 5 9 5 9 7 
7 0 7 9 7 0 1 2 6 4 4 6 2 6 4 7 8 9 7 4 
6 2 4 0 5 2 4 7 8 3 3 1 7 4 1 7 8 3 2 5 
9 5 5 5 2 7 1 2 6 5 0 8 3 8 8 0 4 9 9 5 
2 8 7 6 8 5 0 2 2 2 9 5 1 2 1 8 6 7 0 4 
0 2 5 0 1 9 1 9 1 6 7 7 1 8 6 0 3 1 9 7 
7 8 4 9 1 5 9 4 8 3 0 2 9 1 9 5 8 0 6 4 
9 2 9 5 1 4 2 9 4 0 8 0 4 4 3 8 4 2 0 9 
0 8 5 6 4 9 9 9 6 4 9 4 2 2 3 9 6 6 5 2 
8 7 2 5 1 2 9 2 3 1 6 7 8 0 2 8 6 8 5 2 
8 6 8 8 2 2 5 9 7 3 2 9 7 3 2 6 7 1 9 6 
3 7 9 2 2 2 5 5 7 7 9 1 0 0 6 6 8 9 5 0 
7 9 1 1 4 4 4 9 2 6 6 3 9 2 5 3 8 6 0 4 
4 6 8 8 7 1 0 3 2 7 1 3 6 2 5 8 8 4 0 5 
1 3 0 7 5 4 7 3 7 5 5 8 5 7 9 9 1 2 0 8 
8 0 3 1 3 5 1 1 6 5 6 4 4 3 3 1 6 7 1 9 
5 3 6 6 7 9 4 6 7 2 7 5 7 6 2 7 9 6 5 5 
5 5 9 6 4 4 4 0 6 9 3 3 3 2 1 6 8 8 5 9 
3 2 2 9 0 9 2 0 0 7 0 0 0 3 3 2 6 2 8 8 
0 2 3 8 1 1 5 7 7 5 8 1 0 7 3 1 4 1 5 1 
9 9 2 7 4 9 2 4 0 2 1 0 0 3 1 9 8 8 3 8 
4 7 6 6 5 6 0 9 0 9 4 7 0 5 4 5 8 1 6 8 
0 1 3 7 7 4 7 4 8 8 1 3 4 5 8 8 0 5 4 8 
6 9 7 9 9 5 1 9 1 5 9 1 0 7 0 5 3 7 4 1 
6 9 7 4 9 8 4 0 7 6 8 7 1 9 2 1 5 7 7 3 
3 9 1 5 1 3 6 7 6 2 2 1 1 3 3 0 2 0 6 3 
0 7 2 4 9 0 3 1 0 5 4 8 5 6 3 0 0 0 1 8 
9 5 3 7 1 3 1 1 6 4 8 7 7 3 2 2 1 6 6 6 
5 4 3 7 5 2 3 9 4 7 0 0 9 1 4 0 6 7 9 5 
0 4 7 5 3 8 9 8 7 8 1 6 2 3 9 8 6 9 3 0 
2 1 0 2 3 6 5 9 0 4 4 4 3 0 2 4 7 7 8 1 
6 4 7 6 1 8 2 8 2 1 6 5 4 1 5 1 8 2 6 7 
1 8 3 2 8 8 9 1 5 5 6 1 6 1 0 0 4 9 5 4 
0 0 0 3 3 0 7 4 7 7 0 7 3 8 6 5 8 5 1 0 
6 7 9 5 6 6 2 0 9 3 2 6 6 9 7 8 2 4 6 8 
5 5 8 5 0 1 1 1 9 7 2 9 7 8 5 8 8 3 5 6 
2 0 2 3 9 2 1 4 5 0 4 1 8 8 2 7 0 1 0 8 
1 5 8 6 8 9 3 6 9 5 4 8 2 3 4 0 7 9 6 2 
3 5 7 9 8 7 6 2 3 3 5 6 1 6 6 6 2 2 0 8 
2 9 4 9 3 5 2 5 7 2 4 0 2 5 6 5 0 6 1 6 
2 8 0 5 1 3 4 3 9 8 1 1 0 1 9 6 6 2 5 1 
0 7 0 6 7 8 6 8 0 7 4 2 6 9 6 9 9 1 1 3 
6 0 4 3 6 9 6 1 9 3 1 9 7 4 6 8 6 5 7 1 
3 1 5 4 9 3 9 4 2 2 5 5 7 4 7 7 5 0 1 8 
8 3 2 1 3 4 0 5 0 4 3 5 1 5 0 4 6 6 4 4 
8 7 2 1 3 3 9 8 6 3 2 1 8 3 9 2 3 9 0 1 
9 4 0 8 5 5 8 3 5 7 4 3 0 6 3 9 6 1 5 0 
8 0 2 8 7 0 7 5 8 1 1 0 1 2 8 2 3 2 3 5 
3 0 9 0 7 3 3 3 8 3 1 0 2 0 0 2 8 3 9 6 
6 2 0 9 0 4 5 2 8 8 7 6 4 1 4 3 6 6 4 2 
7 7 3 5 1 7 6 5 4 9 3 6 8 0 7 6 4 1 2 5 
3 3 7 2 1 3 9 6 5 6 4 1 9 9 0 7 4 6 8 8 
7 4 1 0 4 2 3 5 5 6 3 6 1 8 0 1 6 9 9 4 
8 3 8 1 8 0 5 3 5 1 9 9 5 3 0 1 3 4 2 9 
1 4 9 6 7 5 2 2 9 1 3 6 4 9 2 0 0 4 4 0 
3 1 7 8 6 9 1 3 6 6 0 6 2 2 9 7 6 1 9 8 
0 6 9 5 4 6 9 3 1 4 0 9 0 1 4 8 8 6 3 1 
6 8 8 2 2 5 3 8 5 9 4 7 5 7 3 7 1 0 7 7 
6 0 4 2 9 3 7 9 7 9 6 4 1 2 0 0 0 4 4 8 
1 0 5 5 4 7 4 0 8 4 2 8 5 6 0 9 8 5 7 5 
3 6 0 6 0 1 5 4 4 7 0 5 7 3 2 0 1 1 7 8 
1 9 3 2 5 5 8 2 6 6 8 6 0 7 6 4 2 3 4 0 
9 7 5 4 8 6 0 0 2 0 2 0 0 5 5 6 8 3 7 0 
6 4 2 0 2 4 6 3 0 6 2 7 1 9 1 2 5 2 6 0 
2 6 0 4 2 1 4 0 2 7 2 9 7 3 3 0 2 5 9 6 
1 4 2 1 1 3 6 7 2 9 4 6 5 6 7 9 8 6 0 8 
4 5 7 9 8 1 6 3 9 3 4 7 8 1 1 6 3 4 4 6 
2 1 0 2 6 9 2 1 1 0 6 2 4 4 7 3 8 0 6 9 
3 0 3 4 4 8 7 3 4 6 6 2 9 2 9 1 5 6 0 1 
5 6 0 2 6 5 8 4 8 0 7 4 1 9 3 8 0 3 4 5 
7 7 3 3 2 3 5 3 4 6 7 8 7 5 3 3 2 4 7 5 
1 3 3 8 7 9 6 4 3 6 2 7 6 6 2 8 3 2 7 8 
4 1 5 8 6 7 3 7 9 4 7 1 2 4 9 7 2 7 3 1 
0 1 3 0 8 4 7 4 7 0 9 5 9 4 5 8 3 6 0 8 
4 8 4 4 8 9 0 4 4 0 9 8 2 6 9 5 8 3 0 3 
7 6 9 1 8 0 6 1 2 0 7 9 5 5 2 5 4 0 2 0 
0 4 6 1 8 9 0 9 6 1 6 2 8 5 6 3 0 2 0 8 
1 3 4 9 6 6 0 5 4 2 1 0 2 6 6 1 9 6 1 5 
0 0 5 2 2 0 7 1 1 5 4 9 3 2 6 6 7 8 3 2 
1 4 3 0 4 9 0 3 1 2 2 9 9 3 8 5 7 3 6 8 
7 3 7 1 1 9 4 3 0 0 7 4 1 4 1 4 6 6 5 1 
1 9 1 1 0 7 8 8 4 7 7 1 6 1 7 3 0 4 1 5 
4 2 7 4 1 7 0 4 2 8 3 4 7 7 3 7 3 6 1 0 
2 8 3 2 8 2 8 5 3 3 0 3 8 5 1 4 9 3 4 3 
2 4 9 7 2 3 0 1 4 0 0 2 5 6 2 2 7 3 5 8 
3 7 4 5 8 6 8 8 2 0 5 6 4 2 1 8 8 5 4 4 
7 1 5 9 9 3 6 4 1 7 7 1 1 6 1 9 5 1 9 4 
6 3 4 8 6 1 6 4 2 2 2 8 7 0 9 7 5 6 2 7 

Generated matrix: 
Col count: 20
Row count: 100
4 0 0 8 1 7 9 7 4 3 8 5 1 6 9 3 6 8 9 2 
9 4 3 5 2 2 2 2 8 9 9 5 4 5 9 2 9 1 8 6 
1 0 6 2 0 7 8 3 6 7 6 4 8 7 8 8 7 5 3 9 
1 6 9 2 8 5 2 0 0 9 6 0 5 0 9 6 3 2 8 2 
1 2 0 9 6 9 0 1 8 1 5 5 0 7 2 6 2 1 0 0 
8 6 7 3 4 1 7 3 4 7 4 2 7 4 3 8 8 1 3 5 
2 5 8 9 8 8 3 2 7 4 2 5 8 6 3 4 8 7 6 0 
7 8 0 2 3 7 5 5 3 9 7 8 1 1 1 1 1 8 3 9 
1 1 0 8 6 8 5 5 3 3 4 0 6 1 4 3 7 4 3 1 
8 8 2 0 1 0 8 2 8 9 5 4 7 9 8 1 5 0 5 0 
1 5 3 6 0 7 9 0 0 6 4 9 8 6 4 6 8 5 1 5 
1 9 4 3 1 6 3 3 7 2 5 3 6 8 0 0 5 2 8 9 
0 9 1 1 2 7 6 4 6 0 7 4 5 6 7 3 7 1 4 9 
1 4 4 3 4 3 2 4 5 6 1 8 4 8 2 8 9 0 0 6 
3 8 5 4 7 2 8 3 8 3 1 4 8 1 1 9 9 7 8 2 
1 1 0 3 1 1 3 1 9 1 8 8 7 2 0 8 8 7 7 3 
8 4 3 3 5 7 0 0 1 3 8 4 8 4 8 9 5 2 3 5 
9 2 7 2 4 1 6 9 1 7 2 7 0 7 2 6 1 6 1 4 
8 7 6 9 5 9 5 3 0 7 1 1 1 1 6 3 6 8 7 3 
9 9 3 5 0 0 5 7 5 2 0 4 4 2 4 6 4 6 7 6 
4 6 2 9 8 2 3 2 9 8 4 9 5 1 4 9 0 5 1 1 
2 1 0 9 1 1 1 3 4 7 7 4 5 6 0 5 0 1 0 2 
3 6 8 2 2 1 7 2 6 4 8 9 1 8 8 5 5 7 8 5 
2 2 2 5 1 3 3 2 2 8 4 5 7 0 4 8 3 0 5 2 
2 5 3 8 5 9 8 0 2 3 6 0 5 4 2 5 8 4 4 9 
7 0 7 9 9 3 8 6 5 1 4 2 9 9 8 8 1 1 8 3 
3 5 0 3 3 4 1 1 3 0 3 3 8 9 1 8 4 4 8 1 
7 0 0 8 7 4 7 0 8 9 9 3 4 0 8 3 0 6 7 1 
5 8 9 3 9 3 3 2 8 5 5 3 5 8 2 4 9 7 8 9 
8 8 1 5 6 6 4 5 7 9 3 7 8 7 5 9 6 3 2 7 
6 5 2 3 6 5 3 5 5 9 3 1 0 5 2 8 0 9 8 8 
7 0 0 0 3 3 1 3 8 2 0 9 6 6 9 6 6 8 1 3 
3 7 0 9 4 0 8 1 8 7 5 4 9 9 8 0 7 3 0 8 
8 8 3 3 8 6 0 4 8 7 8 4 4 2 2 6 3 2 3 1 
9 8 6 3 8 5 1 5 4 8 6 6 0 4 6 3 8 4 0 0 
4 5 8 4 8 0 6 1 9 7 9 6 8 7 6 6 3 1 4 8 
3 7 8 7 6 4 5 1 7 1 6 1 1 9 6 0 0 6 2 6 
7 1 6 6 3 2 5 0 9 7 6 5 8 3 1 7 7 2 7 4 
6 9 8 5 8 5 5 4 1 1 0 2 2 4 2 4 6 4 9 2 
2 1 3 4 9 8 5 7 2 3 1 0 1 0 9 3 4 3 7 0 
5 8 0 2 9 2 9 6 7 6 5 1 8 5 1 4 4 1 8 2 
6 1 6 7 2 2 4 6 3 2 8 1 3 6 6 0 9 6 7 3 
0 4 6 5 2 3 0 9 1 7 5 7 3 1 7 8 0 4 3 0 
3 3 5 5 2 7 4 1 9 0 8 1 7 5 9 1 6 0 1 3 
2 1 7 8 4 2 5 7 2 3 0 8 7 2 6 2 0 2 9 7 
2 2 5 6 6 4 6 8 1 2 7 8 1 8 6 0 1 9 1 6 
2 5 8 5 6 4 3 9 1 8 6 1 7 4 4 7 6 6 1 6 
7 1 2 8 6 0 1 6 9 5 4 6 2 6 2 8 0 2 2 6 
7 8 5 8 7 5 9 4 8 6 7 0 5 5 8 4 1 8 2 4 
2 6 7 3 2 4 8 3 1 2 1 7 6 9 4 2 5 5 9 7 
6 9 3 3 7 9 0 7 0 9 0 5 7 7 0 5 1 0 3 3 
2 3 0 1 9 6 7 1 2 2 7 2 1 8 3 5 8 7 4 3 
9 0 0 0 5 4 8 5 9 1 2 7 4 3 8 2 9 8 0 8 
3 4 5 1 3 3 3 1 5 4 8 8 8 4 2 1 7 5 7 9 
7 7 7 9 0 7 1 8 4 9 3 3 3 9 7 5 5 5 2 2 
7 9 4 6 9 8 1 1 2 2 5 5 9 2 4 8 4 4 7 5 
3 1 1 4 0 1 2 5 7 3 7 4 5 7 0 2 3 5 7 1 
5 0 9 1 0 5 6 9 9 7 0 6 1 8 8 2 3 6 2 7 
8 0 7 0 6 3 6 0 0 1 6 1 1 3 4 8 6 2 2 2 
1 4 9 1 6 7 1 0 5 1 9 1 4 0 2 7 3 9 6 2 
5 5 3 8 7 6 0 4 5 0 0 4 3 4 1 2 5 8 9 4 
5 0 6 3 5 6 6 1 5 0 6 7 8 8 7 1 2 2 9 9 
9 8 5 8 9 3 8 6 4 6 2 7 1 7 4 7 5 8 6 7 
7 2 0 3 6 0 3 5 7 6 0 6 2 6 5 8 4 5 3 3 
3 4 3 2 0 5 3 8 4 8 9 6 5 5 6 0 3 6 9 6 
7 7 7 3 2 5 8 1 9 8 0 5 4 5 4 5 0 4 9 8 
4 0 1 0 5 5 0 8 3 3 9 1 6 5 0 0 7 8 8 8 
5 8 9 5 1 6 0 5 2 1 1 5 3 5 4 8 6 1 7 6 
2 4 2 7 5 9 2 8 1 6 1 0 9 4 1 3 4 8 6 1 
9 3 9 8 9 3 6 9 2 3 7 0 9 8 3 6 4 7 6 9 
8 2 5 3 8 0 8 7 8 3 8 2 2 6 0 9 2 5 7 7 
3 6 0 8 5 4 7 5 8 1 6 3 6 3 4 6 7 6 3 6 
0 6 8 1 8 0 8 5 6 1 7 5 7 9 3 1 3 9 0 4 
3 0 2 1 5 2 2 8 7 0 8 0 5 4 5 2 2 8 3 6 
6 7 9 4 9 5 9 7 8 7 0 2 4 4 5 3 2 5 5 9 
9 4 7 9 4 1 2 7 1 2 4 2 6 5 6 7 3 7 2 8 
0 3 8 8 1 8 1 3 1 9 0 7 8 1 2 0 9 4 3 5 
5 2 1 6 5 2 8 3 7 3 6 1 1 2 6 9 0 3 6 3 
3 3 5 9 9 5 9 1 8 7 7 5 5 4 1 7 9 8 5 6 
8 4 7 3 1 3 7 2 0 7 5 6 8 5 1 5 4 4 1 0 
5 0 2 4 3 0 9 4 3 8 9 6 7 0 8 5 3 1 8 7 
4 0 9 1 3 8 1 5 0 6 9 8 8 2 1 5 2 0 3 2 
5 3 2 2 7 5 2 7 8 4 3 9 5 1 6 7 8 2 7 5 
5 9 4 9 8 6 5 0 4 0 5 4 4 4 4 3 3 0 7 0 
2 5 9 0 2 4 0 4 0 5 1 1 8 9 6 9 1 2 2 8 
2 5 1 9 1 1 8 6 4 3 9 6 0 1 0 9 4 9 8 6 
8 2 0 4 7 9 6 8 2 8 0 9 8 5 2 3 6 7 4 4 
9 1 9 4 6 3 5 9 2 6 6 1 2 0 5 4 5 9 1 2 
1 8 0 6 3 0 7 4 7 1 5 5 1 5 8 6 2 2 5 0 
2 5 1 2 2 1 1 5 3 3 2 8 3 5 3 6 9 5 2 3 
2 4 0 7 1 6 6 0 4 8 4 7 8 0 1 2 4 7 4 6 
4 1 4 3 8 0 7 7 7 7 3 8 7 5 7 3 9 5 3 7 
9 0 4 7 9 6 2 6 6 0 8 6 5 1 6 3 8 7 7 1 
4 8 5 0 4 9 7 5 0 4 1 5 5 1 6 3 6 3 5 2 
4 5 4 3 1 6 9 2 7 6 6 4 9 3 6 7 9 1 3 3 
8 6 5 6 3 4 5 1 4 7 1 8 0 1 1 6 1 2 4 4 
1 8 0 8 1 0 0 3 7 9 3 1 6 7 0 8 5 6 3 8 
1 4 4 8 1 8 3 2 2 1 4 7 0 9 7 2 3 0 6 1 
3 0 3 8 4 5 4 6 1 7 1 7 8 6 6 0 2 6 2 2 
3 1 3 0 8 9 0 3 4 1 7 7 9 7 2 1 5 8 1 0 

=======================START MULT=======================
=============== SECVENTIAL ===============
Elapsed time: 6
470 597 419 396 367 471 543 374 437 540 410 414 523 444 412 448 547 441 487 449 
269 399 250 346 232 398 367 222 426 335 406 313 403 387 382 330 476 265 415 354 
242 367 299 298 227 373 384 218 301 332 293 296 408 314 300 375 452 312 334 356 
354 474 375 473 365 563 449 285 406 476 482 449 516 472 486 486 650 391 471 431 
213 282 232 309 264 313 274 186 351 258 301 316 318 324 232 388 385 256 302 220 
239 380 246 270 253 322 327 217 348 325 327 298 324 279 293 341 399 267 354 325 
432 557 381 409 353 461 476 272 524 529 520 426 540 428 465 514 623 388 563 459 
360 314 307 384 261 375 400 278 385 392 399 385 395 407 370 471 494 342 379 334 
261 359 281 351 269 396 384 274 417 371 354 389 403 347 266 405 466 389 379 365 
359 521 315 388 280 450 472 318 481 387 428 440 514 431 380 468 578 389 456 492 
459 508 360 416 349 502 461 373 528 510 580 478 528 519 526 566 611 366 501 537 
413 520 338 420 323 404 492 310 497 452 374 386 509 420 371 424 583 383 473 362 
446 442 312 525 359 503 434 306 404 397 418 408 426 372 394 503 542 455 475 342 
377 417 362 436 355 515 452 326 405 469 462 435 452 450 461 542 533 424 457 397 
326 353 195 369 259 440 377 283 385 336 426 398 392 363 367 412 472 353 344 363 
481 500 408 436 357 455 519 398 437 524 416 395 444 467 474 496 594 407 511 438 
347 345 299 345 242 381 373 227 390 428 455 425 426 413 383 478 481 305 358 391 
418 517 322 330 240 373 448 271 357 474 307 386 420 374 316 409 503 338 361 439 
415 517 380 466 418 527 474 301 485 477 517 375 550 373 542 506 653 434 584 405 
332 375 261 360 223 419 475 306 374 416 445 448 439 346 404 485 514 431 408 438 
471 514 415 470 388 524 496 292 479 590 531 511 572 454 448 547 645 456 482 462 
367 426 340 423 305 477 432 296 411 410 481 429 453 427 437 425 555 419 495 399 
441 551 369 484 355 610 505 353 487 534 570 446 526 449 549 484 632 484 594 534 
431 377 339 402 307 456 491 277 399 520 461 449 500 423 448 485 557 428 408 370 
451 485 264 368 281 434 460 314 449 453 503 477 439 450 446 426 533 365 430 439 
354 401 280 310 276 388 387 248 459 413 489 393 447 404 457 477 488 312 433 384 
311 525 332 409 352 405 432 286 520 404 401 435 528 410 335 493 599 369 483 378 
357 366 245 335 215 345 426 309 320 332 330 346 372 381 359 400 431 314 336 329 
453 525 394 493 389 586 522 354 481 532 553 514 559 508 502 611 659 444 478 518 
476 441 375 415 307 441 483 332 452 502 472 415 506 473 528 521 564 393 478 401 
389 376 323 262 251 242 318 197 251 389 265 219 338 246 372 375 382 248 365 239 
260 356 276 310 286 384 328 179 248 426 299 313 373 278 326 345 416 284 291 275 
498 373 327 377 288 337 387 307 390 467 468 418 383 367 443 501 494 375 457 366 
505 542 342 383 290 437 459 287 471 554 496 454 487 445 474 490 556 379 498 473 
362 493 346 411 375 406 443 310 498 441 372 400 477 390 359 490 546 391 453 329 
426 406 347 413 313 478 454 285 409 597 514 504 409 469 477 498 530 375 398 426 
469 476 419 527 370 548 515 342 491 582 492 481 519 578 524 552 670 375 461 449 
313 335 240 327 262 338 285 200 276 382 301 256 295 229 325 266 394 278 343 261 
238 397 221 289 200 304 263 186 384 296 283 304 310 362 287 291 383 181 315 307 
353 441 313 392 252 433 479 320 351 432 410 367 403 408 453 386 518 360 457 396 
457 490 314 374 342 469 435 325 363 480 428 363 358 366 479 399 449 382 431 380 
458 512 428 406 418 471 506 328 530 563 490 469 576 468 411 547 620 443 489 428 
385 397 273 304 264 371 339 228 275 385 338 344 318 308 286 337 367 336 320 317 
429 483 348 375 284 460 465 288 348 471 437 378 454 356 447 464 517 398 452 463 
420 408 347 420 321 428 400 277 384 445 379 375 402 440 415 415 497 306 341 329 
266 378 255 290 316 356 291 222 375 329 323 339 403 359 265 368 432 266 321 277 
410 497 385 496 360 505 531 379 568 498 494 463 548 497 497 593 709 429 543 486 
387 495 336 396 306 477 485 332 503 464 501 428 559 475 500 513 649 383 525 484 
180 320 158 300 212 328 288 227 349 235 294 342 296 295 236 373 388 249 253 305 
470 498 418 449 397 541 486 336 439 567 479 416 501 486 464 520 568 381 430 461 
337 455 379 415 334 420 426 268 491 457 423 421 505 432 399 532 574 353 458 393 
355 383 317 344 305 333 395 280 380 464 381 369 397 315 376 443 495 332 397 347 
363 367 259 336 316 321 347 204 371 403 364 288 414 267 362 366 480 308 416 228 
422 533 334 371 370 422 393 237 515 495 499 498 525 445 411 543 605 325 434 421 
359 468 358 467 384 527 475 325 489 407 463 398 516 457 402 519 621 407 482 403 
289 470 304 419 322 469 403 254 492 345 410 433 489 413 356 499 548 379 429 386 
351 313 212 281 180 308 327 253 289 344 340 346 277 345 308 330 364 284 312 320 
378 413 291 392 340 430 458 346 442 422 424 433 403 407 383 411 524 403 415 361 
351 394 315 441 357 453 399 236 427 456 460 405 460 401 428 456 562 370 468 280 
254 323 250 400 340 416 339 250 324 321 313 288 326 254 329 379 398 366 378 213 
331 283 227 366 244 422 328 237 283 318 312 262 321 294 356 370 376 319 284 281 
360 445 334 369 323 424 447 267 337 446 411 344 462 380 432 398 502 347 444 314 
417 528 321 380 302 420 503 296 509 462 497 405 525 427 470 432 599 380 540 410 
429 499 361 428 315 489 492 359 461 497 433 487 492 474 461 499 612 437 441 466 
434 396 281 398 274 422 389 329 337 439 357 395 323 429 374 367 453 349 362 353 
299 395 264 438 223 501 433 311 404 355 402 418 401 464 391 399 487 371 385 423 
229 332 308 349 296 434 352 249 352 406 341 309 369 386 344 395 472 248 296 362 
434 521 382 427 367 457 478 296 474 473 436 355 519 374 444 548 583 410 525 401 
373 399 386 345 319 405 356 228 456 443 438 379 489 418 367 463 512 346 437 383 
448 537 321 429 270 476 535 343 541 543 504 477 515 486 482 456 649 421 529 503 
371 425 256 426 272 458 444 312 389 433 356 390 360 416 360 346 424 376 356 318 
357 436 347 393 323 454 393 281 413 403 418 371 490 421 390 497 552 340 415 401 
337 446 258 301 239 327 329 247 329 364 303 257 321 295 370 255 404 269 408 307 
337 414 331 418 319 414 404 229 448 464 381 412 474 436 353 423 582 318 392 330 
341 269 267 389 287 393 334 217 346 374 404 338 340 335 397 463 481 311 368 286 
306 340 253 306 222 340 306 211 332 359 311 329 326 384 305 306 430 250 322 296 
352 461 296 321 244 345 345 253 347 363 302 285 336 366 361 286 428 267 408 326 
439 526 310 332 287 361 446 308 502 442 435 494 521 450 364 487 563 383 449 434 
326 458 335 457 343 544 436 304 469 437 494 398 478 438 473 457 554 390 484 420 
338 415 268 352 265 341 335 206 314 294 285 315 381 286 298 451 456 288 331 312 
315 442 326 327 327 398 453 258 387 386 367 368 464 399 363 449 503 313 350 329 
315 385 284 472 316 432 390 287 431 400 373 439 415 388 310 443 568 382 397 337 
391 496 325 424 275 464 482 316 439 461 434 425 451 465 448 401 581 378 480 427 
411 553 385 426 356 460 433 293 497 480 446 419 499 443 421 506 587 366 490 430 
354 427 350 419 381 465 505 306 419 501 437 438 482 383 385 536 561 427 415 360 
292 449 277 417 297 452 428 300 458 329 386 466 473 422 294 492 545 382 356 412 
381 463 331 421 328 458 444 267 469 456 487 468 516 448 392 557 612 346 431 459 
201 318 245 392 226 480 353 207 428 321 426 395 409 444 360 387 512 306 367 380 
324 445 244 341 255 389 431 291 425 387 375 404 405 360 309 448 496 314 316 439 
358 370 309 289 325 343 318 241 306 409 351 322 365 305 362 470 406 265 311 329 
280 373 304 281 251 345 339 217 359 320 315 351 414 377 273 384 421 315 346 317 
403 520 302 336 263 377 412 284 441 352 388 371 447 384 342 461 532 324 430 460 
338 306 307 328 216 371 392 242 290 391 358 367 372 370 337 415 460 331 321 362 
397 469 288 331 264 326 449 268 418 447 368 399 438 355 345 362 517 342 394 354 
312 378 281 239 224 325 428 262 393 421 409 387 418 416 365 420 485 275 342 389 
360 407 270 382 317 455 304 243 431 377 435 388 392 408 400 405 489 296 371 371 
308 338 293 284 241 348 311 241 295 353 329 274 355 296 392 418 422 265 338 370 
415 461 347 447 346 514 392 277 455 465 508 472 466 433 408 496 548 409 449 447 
364 428 340 462 337 507 433 242 421 487 455 447 451 428 462 509 548 410 450 333 
352 491 344 402 341 458 437 310 479 389 455 417 465 404 404 483 524 425 520 406 

=============== PARALLEL ===============
Number of elements in matrix: 2000
Rounded number of elements per thread: 666
Modulo (remained elements): 2
Thread number: 0. Amount of data: 667
Thread number: 1. Amount of data: 667
Thread number: 2. Amount of data: 666
Elapsed time: 8
470 597 419 396 367 471 543 374 437 540 410 414 523 444 412 448 547 441 487 449 
269 399 250 346 232 398 367 222 426 335 406 313 403 387 382 330 476 265 415 354 
242 367 299 298 227 373 384 218 301 332 293 296 408 314 300 375 452 312 334 356 
354 474 375 473 365 563 449 285 406 476 482 449 516 472 486 486 650 391 471 431 
213 282 232 309 264 313 274 186 351 258 301 316 318 324 232 388 385 256 302 220 
239 380 246 270 253 322 327 217 348 325 327 298 324 279 293 341 399 267 354 325 
432 557 381 409 353 461 476 272 524 529 520 426 540 428 465 514 623 388 563 459 
360 314 307 384 261 375 400 278 385 392 399 385 395 407 370 471 494 342 379 334 
261 359 281 351 269 396 384 274 417 371 354 389 403 347 266 405 466 389 379 365 
359 521 315 388 280 450 472 318 481 387 428 440 514 431 380 468 578 389 456 492 
459 508 360 416 349 502 461 373 528 510 580 478 528 519 526 566 611 366 501 537 
413 520 338 420 323 404 492 310 497 452 374 386 509 420 371 424 583 383 473 362 
446 442 312 525 359 503 434 306 404 397 418 408 426 372 394 503 542 455 475 342 
377 417 362 436 355 515 452 326 405 469 462 435 452 450 461 542 533 424 457 397 
326 353 195 369 259 440 377 283 385 336 426 398 392 363 367 412 472 353 344 363 
481 500 408 436 357 455 519 398 437 524 416 395 444 467 474 496 594 407 511 438 
347 345 299 345 242 381 373 227 390 428 455 425 426 413 383 478 481 305 358 391 
418 517 322 330 240 373 448 271 357 474 307 386 420 374 316 409 503 338 361 439 
415 517 380 466 418 527 474 301 485 477 517 375 550 373 542 506 653 434 584 405 
332 375 261 360 223 419 475 306 374 416 445 448 439 346 404 485 514 431 408 438 
471 514 415 470 388 524 496 292 479 590 531 511 572 454 448 547 645 456 482 462 
367 426 340 423 305 477 432 296 411 410 481 429 453 427 437 425 555 419 495 399 
441 551 369 484 355 610 505 353 487 534 570 446 526 449 549 484 632 484 594 534 
431 377 339 402 307 456 491 277 399 520 461 449 500 423 448 485 557 428 408 370 
451 485 264 368 281 434 460 314 449 453 503 477 439 450 446 426 533 365 430 439 
354 401 280 310 276 388 387 248 459 413 489 393 447 404 457 477 488 312 433 384 
311 525 332 409 352 405 432 286 520 404 401 435 528 410 335 493 599 369 483 378 
357 366 245 335 215 345 426 309 320 332 330 346 372 381 359 400 431 314 336 329 
453 525 394 493 389 586 522 354 481 532 553 514 559 508 502 611 659 444 478 518 
476 441 375 415 307 441 483 332 452 502 472 415 506 473 528 521 564 393 478 401 
389 376 323 262 251 242 318 197 251 389 265 219 338 246 372 375 382 248 365 239 
260 356 276 310 286 384 328 179 248 426 299 313 373 278 326 345 416 284 291 275 
498 373 327 377 288 337 387 307 390 467 468 418 383 367 443 501 494 375 457 366 
505 542 342 383 290 437 459 287 471 554 496 454 487 445 474 490 556 379 498 473 
362 493 346 411 375 406 443 310 498 441 372 400 477 390 359 490 546 391 453 329 
426 406 347 413 313 478 454 285 409 597 514 504 409 469 477 498 530 375 398 426 
469 476 419 527 370 548 515 342 491 582 492 481 519 578 524 552 670 375 461 449 
313 335 240 327 262 338 285 200 276 382 301 256 295 229 325 266 394 278 343 261 
238 397 221 289 200 304 263 186 384 296 283 304 310 362 287 291 383 181 315 307 
353 441 313 392 252 433 479 320 351 432 410 367 403 408 453 386 518 360 457 396 
457 490 314 374 342 469 435 325 363 480 428 363 358 366 479 399 449 382 431 380 
458 512 428 406 418 471 506 328 530 563 490 469 576 468 411 547 620 443 489 428 
385 397 273 304 264 371 339 228 275 385 338 344 318 308 286 337 367 336 320 317 
429 483 348 375 284 460 465 288 348 471 437 378 454 356 447 464 517 398 452 463 
420 408 347 420 321 428 400 277 384 445 379 375 402 440 415 415 497 306 341 329 
266 378 255 290 316 356 291 222 375 329 323 339 403 359 265 368 432 266 321 277 
410 497 385 496 360 505 531 379 568 498 494 463 548 497 497 593 709 429 543 486 
387 495 336 396 306 477 485 332 503 464 501 428 559 475 500 513 649 383 525 484 
180 320 158 300 212 328 288 227 349 235 294 342 296 295 236 373 388 249 253 305 
470 498 418 449 397 541 486 336 439 567 479 416 501 486 464 520 568 381 430 461 
337 455 379 415 334 420 426 268 491 457 423 421 505 432 399 532 574 353 458 393 
355 383 317 344 305 333 395 280 380 464 381 369 397 315 376 443 495 332 397 347 
363 367 259 336 316 321 347 204 371 403 364 288 414 267 362 366 480 308 416 228 
422 533 334 371 370 422 393 237 515 495 499 498 525 445 411 543 605 325 434 421 
359 468 358 467 384 527 475 325 489 407 463 398 516 457 402 519 621 407 482 403 
289 470 304 419 322 469 403 254 492 345 410 433 489 413 356 499 548 379 429 386 
351 313 212 281 180 308 327 253 289 344 340 346 277 345 308 330 364 284 312 320 
378 413 291 392 340 430 458 346 442 422 424 433 403 407 383 411 524 403 415 361 
351 394 315 441 357 453 399 236 427 456 460 405 460 401 428 456 562 370 468 280 
254 323 250 400 340 416 339 250 324 321 313 288 326 254 329 379 398 366 378 213 
331 283 227 366 244 422 328 237 283 318 312 262 321 294 356 370 376 319 284 281 
360 445 334 369 323 424 447 267 337 446 411 344 462 380 432 398 502 347 444 314 
417 528 321 380 302 420 503 296 509 462 497 405 525 427 470 432 599 380 540 410 
429 499 361 428 315 489 492 359 461 497 433 487 492 474 461 499 612 437 441 466 
434 396 281 398 274 422 389 329 337 439 357 395 323 429 374 367 453 349 362 353 
299 395 264 438 223 501 433 311 404 355 402 418 401 464 391 399 487 371 385 423 
229 332 308 349 296 434 352 249 352 406 341 309 369 386 344 395 472 248 296 362 
434 521 382 427 367 457 478 296 474 473 436 355 519 374 444 548 583 410 525 401 
373 399 386 345 319 405 356 228 456 443 438 379 489 418 367 463 512 346 437 383 
448 537 321 429 270 476 535 343 541 543 504 477 515 486 482 456 649 421 529 503 
371 425 256 426 272 458 444 312 389 433 356 390 360 416 360 346 424 376 356 318 
357 436 347 393 323 454 393 281 413 403 418 371 490 421 390 497 552 340 415 401 
337 446 258 301 239 327 329 247 329 364 303 257 321 295 370 255 404 269 408 307 
337 414 331 418 319 414 404 229 448 464 381 412 474 436 353 423 582 318 392 330 
341 269 267 389 287 393 334 217 346 374 404 338 340 335 397 463 481 311 368 286 
306 340 253 306 222 340 306 211 332 359 311 329 326 384 305 306 430 250 322 296 
352 461 296 321 244 345 345 253 347 363 302 285 336 366 361 286 428 267 408 326 
439 526 310 332 287 361 446 308 502 442 435 494 521 450 364 487 563 383 449 434 
326 458 335 457 343 544 436 304 469 437 494 398 478 438 473 457 554 390 484 420 
338 415 268 352 265 341 335 206 314 294 285 315 381 286 298 451 456 288 331 312 
315 442 326 327 327 398 453 258 387 386 367 368 464 399 363 449 503 313 350 329 
315 385 284 472 316 432 390 287 431 400 373 439 415 388 310 443 568 382 397 337 
391 496 325 424 275 464 482 316 439 461 434 425 451 465 448 401 581 378 480 427 
411 553 385 426 356 460 433 293 497 480 446 419 499 443 421 506 587 366 490 430 
354 427 350 419 381 465 505 306 419 501 437 438 482 383 385 536 561 427 415 360 
292 449 277 417 297 452 428 300 458 329 386 466 473 422 294 492 545 382 356 412 
381 463 331 421 328 458 444 267 469 456 487 468 516 448 392 557 612 346 431 459 
201 318 245 392 226 480 353 207 428 321 426 395 409 444 360 387 512 306 367 380 
324 445 244 341 255 389 431 291 425 387 375 404 405 360 309 448 496 314 316 439 
358 370 309 289 325 343 318 241 306 409 351 322 365 305 362 470 406 265 311 329 
280 373 304 281 251 345 339 217 359 320 315 351 414 377 273 384 421 315 346 317 
403 520 302 336 263 377 412 284 441 352 388 371 447 384 342 461 532 324 430 460 
338 306 307 328 216 371 392 242 290 391 358 367 372 370 337 415 460 331 321 362 
397 469 288 331 264 326 449 268 418 447 368 399 438 355 345 362 517 342 394 354 
312 378 281 239 224 325 428 262 393 421 409 387 418 416 365 420 485 275 342 389 
360 407 270 382 317 455 304 243 431 377 435 388 392 408 400 405 489 296 371 371 
308 338 293 284 241 348 311 241 295 353 329 274 355 296 392 418 422 265 338 370 
415 461 347 447 346 514 392 277 455 465 508 472 466 433 408 496 548 409 449 447 
364 428 340 462 337 507 433 242 421 487 455 447 451 428 462 509 548 410 450 333 
352 491 344 402 341 458 437 310 479 389 455 417 465 404 404 483 524 425 520 406 

