Generated matrix: 
Col count: 10
Row count: 10
0 2 0 0 5 8 7 6 1 5 
7 7 4 6 1 2 5 2 6 3 
4 1 4 3 7 9 5 6 5 9 
0 4 8 4 9 2 9 6 6 1 
2 3 1 7 5 9 1 9 8 6 
8 2 7 1 2 2 0 3 8 0 
1 0 5 0 8 3 3 8 0 3 
8 1 3 4 6 4 0 8 3 3 
4 4 6 4 9 9 4 1 0 9 
4 2 0 7 4 7 6 9 7 1 

Generated matrix: 
Col count: 10
Row count: 10
8 4 9 2 6 1 9 7 5 4 
6 4 2 9 7 9 8 3 8 1 
4 5 8 4 4 6 3 5 1 5 
2 1 7 1 3 9 9 9 7 7 
5 2 4 0 1 3 1 8 6 3 
0 6 6 9 2 4 8 1 6 8 
7 0 9 0 9 2 9 6 6 4 
0 3 4 0 7 5 6 8 7 1 
1 6 8 6 8 4 0 3 0 9 
6 1 0 0 1 5 4 4 9 3 

=======================START SUM=======================
=============== SECVENTIAL ===============
Elapsed time: 1
8 6 9 2 11 9 16 13 6 9 
13 11 6 15 8 11 13 5 14 4 
8 6 12 7 11 15 8 11 6 14 
2 5 15 5 12 11 18 15 13 8 
7 5 5 7 6 12 2 17 14 9 
8 8 13 10 4 6 8 4 14 8 
8 0 14 0 17 5 12 14 6 7 
8 4 7 4 13 9 6 16 10 4 
5 10 14 10 17 13 4 4 0 18 
10 3 0 7 5 12 10 13 16 4 

=============== PARALLEL ===============
Number of elements in matrix: 100
Rounded number of elements per thread: 0
Modulo (remained elements): 100
Elapsed time: 40
8 6 9 2 11 9 16 13 6 9 
13 11 6 15 8 11 13 5 14 4 
8 6 12 7 11 15 8 11 6 14 
2 5 15 5 12 11 18 15 13 8 
7 5 5 7 6 12 2 17 14 9 
8 8 13 10 4 6 8 4 14 8 
8 0 14 0 17 5 12 14 6 7 
8 4 7 4 13 9 6 16 10 4 
5 10 14 10 17 13 4 4 0 18 
10 3 0 7 5 12 10 13 16 4 

