Generated matrix: 
Col count: 10
Row count: 10
6 0 9 5 9 0 5 9 3 2 
0 6 3 5 3 5 7 1 2 6 
6 4 8 9 1 8 7 9 7 9 
8 4 6 3 2 2 8 3 3 4 
1 3 6 2 4 4 4 4 2 2 
1 7 0 5 6 1 3 1 4 6 
9 2 8 8 6 9 3 9 2 3 
5 0 9 1 1 7 9 6 7 3 
3 1 5 4 4 0 2 2 9 5 
3 1 9 3 2 1 2 8 6 7 

Generated matrix: 
Col count: 10
Row count: 10
1 9 4 3 3 3 1 9 6 0 
9 7 4 2 3 2 5 3 9 2 
6 7 5 4 5 1 5 7 1 2 
8 8 0 2 0 7 3 9 3 2 
5 2 8 2 1 5 1 2 8 9 
6 3 4 0 2 7 0 0 8 3 
3 2 2 8 4 0 4 6 9 2 
3 9 5 9 1 7 0 3 4 1 
3 9 8 9 1 3 1 7 6 9 
8 9 8 8 6 6 3 4 0 5 

=======================START SUM=======================
=============== SECVENTIAL ===============
Elapsed time: 1
7 9 13 8 12 3 6 18 9 2 
9 13 7 7 6 7 12 4 11 8 
12 11 13 13 6 9 12 16 8 11 
16 12 6 5 2 9 11 12 6 6 
6 5 14 4 5 9 5 6 10 11 
7 10 4 5 8 8 3 1 12 9 
12 4 10 16 10 9 7 15 11 5 
8 9 14 10 2 14 9 9 11 4 
6 10 13 13 5 3 3 9 15 14 
11 10 17 11 8 7 5 12 6 12 

=============== PARALLEL ===============
Number of elements in matrix: 100
Rounded number of elements per thread: 25
Modulo (remained elements): 0
Number of threads: 4
Elapsed time: 18
7 9 13 8 12 3 6 18 9 2 
9 13 7 7 6 7 12 4 11 8 
12 11 13 13 6 9 12 16 8 11 
16 12 6 5 2 9 11 12 6 6 
6 5 14 4 5 9 5 6 10 11 
7 10 4 5 8 8 3 1 12 9 
12 4 10 16 10 9 7 15 11 5 
8 9 14 10 2 14 9 9 11 4 
6 10 13 13 5 3 3 9 15 14 
11 10 17 11 8 7 5 12 6 12 

