Generated matrix: 
Col count: 20
Row count: 50
7 6 7 1 4 2 9 3 3 3 6 9 5 5 2 0 2 2 2 3 
3 7 7 4 1 9 8 4 0 0 3 2 2 7 3 4 1 0 2 8 
0 6 0 1 6 6 8 3 2 0 9 0 9 1 0 4 4 1 7 8 
9 8 8 1 8 5 3 8 2 2 5 8 9 3 5 1 1 6 9 5 
3 4 8 7 7 9 2 1 8 7 7 1 4 9 3 8 3 7 8 2 
8 0 8 6 3 0 3 1 8 3 0 8 8 0 5 7 9 5 9 7 
5 9 9 6 1 8 6 9 0 8 4 7 2 9 3 6 5 2 5 0 
7 4 3 8 1 3 0 6 7 1 9 9 8 3 5 6 0 5 0 6 
8 0 2 0 9 8 0 3 4 6 6 2 0 0 3 1 7 5 0 3 
4 3 3 5 1 2 7 6 0 6 5 3 8 1 9 7 3 1 8 1 
3 1 1 9 7 9 3 7 9 3 8 7 6 8 7 2 9 9 5 4 
1 0 0 4 1 0 3 2 9 0 0 2 6 4 0 4 9 9 9 9 
2 6 3 9 1 5 0 2 3 7 9 5 4 6 7 7 1 6 1 8 
1 4 4 1 4 9 3 7 6 8 1 4 5 6 4 4 9 4 8 8 
0 0 9 3 9 8 0 0 9 1 6 0 7 1 4 8 8 6 4 8 
6 1 7 0 7 9 7 9 4 9 1 2 1 8 5 9 6 2 2 2 
6 2 1 1 2 5 8 0 3 1 2 0 1 1 1 0 8 6 2 3 
7 3 6 7 6 6 7 7 5 5 3 1 6 2 0 9 6 4 4 8 
0 7 5 2 1 6 4 9 9 4 0 7 2 3 5 2 2 5 5 0 
7 3 7 8 6 9 1 1 6 6 5 0 4 9 0 1 9 0 3 3 
5 9 4 6 0 7 8 9 2 5 3 6 6 1 2 5 0 9 3 0 
5 3 6 7 1 8 3 2 9 6 2 9 1 8 9 3 0 7 9 0 
8 2 7 4 3 5 5 9 3 3 5 9 0 1 3 6 2 6 1 5 
9 3 9 5 2 4 4 3 9 5 9 3 1 4 1 2 8 9 8 6 
1 6 2 8 8 3 2 1 4 3 7 1 3 3 8 5 6 7 1 7 
8 4 2 6 9 7 9 9 7 6 7 1 0 5 1 0 5 2 3 8 
7 2 7 0 3 8 5 7 4 7 5 4 9 9 4 7 9 5 2 2 
7 3 5 9 8 2 6 3 6 1 8 0 9 6 6 7 8 0 3 9 
1 9 1 4 7 4 0 2 5 5 7 4 8 0 6 4 8 1 8 2 
7 3 4 8 5 8 9 9 2 8 0 3 6 4 9 2 4 1 6 3 
5 8 8 6 0 9 0 2 6 9 2 4 0 5 7 4 3 2 5 0 
3 7 7 3 4 2 8 8 4 7 8 2 0 0 8 3 7 3 0 7 
5 6 0 5 1 3 3 6 0 6 2 9 9 9 8 5 3 0 9 1 
6 3 0 4 2 5 3 2 7 4 8 1 8 3 9 3 5 5 3 8 
3 3 1 0 4 8 9 9 4 5 8 1 9 1 5 2 8 3 2 4 
6 0 6 3 6 9 8 9 2 0 1 1 7 0 1 9 8 9 4 5 
5 7 4 1 9 9 0 4 2 8 4 8 2 4 5 6 3 4 9 7 
7 3 7 5 6 7 2 5 1 0 1 1 0 6 0 8 1 1 8 9 
5 6 4 4 0 5 9 0 6 7 5 1 7 4 8 3 5 6 7 7 
0 7 9 3 5 7 0 9 1 6 3 1 2 6 2 9 2 3 4 3 
8 7 3 6 9 3 8 7 8 6 9 4 7 9 7 5 0 1 9 7 
0 9 5 3 9 3 7 9 2 0 6 9 2 2 5 8 4 9 1 6 
7 0 4 9 8 7 9 4 2 4 6 5 4 4 4 3 1 9 4 5 
6 7 0 9 7 0 6 0 4 0 2 6 6 5 9 3 6 7 7 2 
5 3 5 2 2 9 5 4 1 2 5 1 8 0 0 1 4 6 3 0 
6 2 9 7 4 1 1 9 9 5 7 6 0 4 7 9 7 7 9 0 
6 6 3 8 9 3 2 0 3 3 1 7 2 4 8 7 5 4 8 4 
3 2 1 4 4 3 7 3 5 2 5 3 9 3 9 0 5 8 9 6 
1 5 2 5 0 7 4 6 9 1 1 7 2 9 0 7 1 0 4 3 
8 0 3 1 2 9 6 4 0 1 3 0 4 0 4 1 6 7 9 8 

Generated matrix: 
Col count: 20
Row count: 50
7 7 5 1 4 4 6 1 8 3 0 0 3 9 3 6 0 5 8 8 
2 4 0 4 0 7 1 2 9 0 3 1 0 8 4 9 3 5 0 2 
2 0 7 0 8 5 1 4 1 7 9 7 1 3 3 0 9 1 8 3 
9 3 1 7 0 6 3 1 1 9 8 0 4 5 7 2 3 8 6 1 
5 8 8 2 6 4 4 6 2 9 5 5 0 8 1 2 7 3 1 2 
9 8 2 4 9 0 7 6 6 4 4 1 8 1 9 4 1 1 3 8 
2 5 4 9 2 2 3 4 1 9 1 4 9 4 5 1 0 5 9 3 
5 7 5 2 2 6 0 4 0 8 3 6 8 9 6 8 9 5 5 3 
1 2 1 2 1 8 9 1 4 9 3 9 2 3 2 3 2 8 9 3 
9 1 4 8 5 8 6 9 8 1 1 9 2 1 3 8 1 1 6 0 
5 6 0 9 1 2 3 8 4 9 6 0 6 9 2 4 4 1 3 3 
2 5 2 7 2 9 7 9 3 5 8 7 4 1 3 2 9 6 2 6 
1 1 1 1 0 6 6 0 0 5 0 9 9 6 1 5 9 4 8 2 
2 8 5 5 2 9 7 1 8 6 3 5 8 4 4 1 9 8 4 2 
7 2 7 4 6 0 6 8 6 2 4 0 0 0 4 6 0 6 9 8 
6 8 3 8 2 8 8 4 7 2 0 5 2 2 2 4 6 9 1 4 
5 3 1 6 1 0 2 1 5 4 7 1 3 2 6 3 0 5 4 3 
2 9 3 1 0 6 8 4 3 6 0 2 1 9 4 1 1 1 7 1 
9 0 1 5 3 7 8 5 2 4 1 8 4 5 3 9 4 8 8 0 
8 3 3 2 3 4 0 2 6 1 3 2 1 9 6 5 9 6 6 1 
5 2 9 4 3 4 0 5 7 3 1 9 0 6 1 7 9 5 6 8 
1 2 2 7 6 3 4 0 3 1 0 9 8 4 5 9 4 2 6 6 
5 2 4 9 1 2 7 0 2 6 9 4 0 1 6 4 3 1 1 9 
1 8 1 3 8 2 2 2 1 6 1 2 9 1 5 3 5 2 7 5 
9 4 5 3 1 9 8 3 1 6 3 0 5 5 9 5 7 4 5 3 
8 3 2 6 8 1 9 0 4 8 3 0 5 8 9 4 0 0 6 7 
8 2 1 9 2 5 4 3 6 5 6 5 9 7 0 1 7 2 5 9 
6 0 3 5 3 0 5 1 9 2 2 4 3 9 2 7 2 9 2 7 
1 7 5 9 2 4 3 3 5 1 1 5 4 9 5 4 3 3 0 7 
9 7 3 9 1 6 1 2 4 3 9 1 0 9 6 0 6 3 9 4 
6 8 6 9 2 5 4 2 0 6 3 8 4 2 9 0 5 2 6 3 
1 5 6 5 1 8 4 5 7 6 4 0 3 0 1 2 4 0 2 0 
6 7 4 7 1 2 1 1 2 9 4 4 3 4 6 3 4 6 3 7 
9 7 8 9 5 2 0 9 4 9 5 8 3 2 1 8 7 9 3 8 
0 6 6 8 2 3 7 8 6 6 5 1 0 0 8 3 9 0 6 3 
5 1 8 3 6 0 0 8 1 5 1 7 2 8 2 7 7 6 2 1 
1 6 1 2 2 5 1 2 8 1 2 5 1 6 5 8 6 6 3 5 
8 9 6 1 1 1 1 8 8 7 2 8 2 3 8 1 6 8 6 8 
0 1 8 6 3 0 6 1 5 6 1 9 6 9 2 8 4 9 0 4 
3 0 2 2 6 5 5 4 6 8 9 7 2 6 3 3 4 4 0 7 
8 8 7 1 4 5 9 9 2 9 3 6 2 4 4 1 8 5 4 4 
7 9 4 6 4 5 0 1 1 9 7 4 6 9 6 5 6 3 3 0 
4 6 9 1 5 0 0 2 4 4 0 9 0 7 1 0 0 5 1 2 
3 5 1 3 2 6 4 3 0 5 4 5 2 0 9 0 9 8 4 9 
9 0 2 0 4 4 1 5 0 1 3 7 8 8 5 4 5 1 4 8 
3 5 1 6 7 0 9 8 0 6 5 9 0 8 0 1 8 9 1 0 
2 9 7 8 7 9 1 0 6 3 5 3 5 1 1 0 2 2 6 8 
7 5 4 4 8 8 3 1 6 7 2 3 9 7 9 2 0 6 7 1 
5 5 5 0 5 7 3 5 4 2 1 3 5 3 4 4 0 4 2 8 
1 8 2 3 3 6 8 5 3 1 5 9 5 3 5 2 3 7 1 6 

=======================START SUM=======================
=============== SECVENTIAL ===============
Elapsed time: 2
14 13 12 2 8 6 15 4 11 6 6 9 8 14 5 6 2 7 10 11 
5 11 7 8 1 16 9 6 9 0 6 3 2 15 7 13 4 5 2 10 
2 6 7 1 14 11 9 7 3 7 18 7 10 4 3 4 13 2 15 11 
18 11 9 8 8 11 6 9 3 11 13 8 13 8 12 3 4 14 15 6 
8 12 16 9 13 13 6 7 10 16 12 6 4 17 4 10 10 10 9 4 
17 8 10 10 12 0 10 7 14 7 4 9 16 1 14 11 10 6 12 15 
7 14 13 15 3 10 9 13 1 17 5 11 11 13 8 7 5 7 14 3 
12 11 8 10 3 9 0 10 7 9 12 15 16 12 11 14 9 10 5 9 
9 2 3 2 10 16 9 4 8 15 9 11 2 3 5 4 9 13 9 6 
13 4 7 13 6 10 13 15 8 7 6 12 10 2 12 15 4 2 14 1 
8 7 1 18 8 11 6 15 13 12 14 7 12 17 9 6 13 10 8 7 
3 5 2 11 3 9 10 11 12 5 8 9 10 5 3 6 18 15 11 15 
3 7 4 10 1 11 6 2 3 12 9 14 13 12 8 12 10 10 9 10 
3 12 9 6 6 18 10 8 14 14 4 9 13 10 8 5 18 12 12 10 
7 2 16 7 15 8 6 8 15 3 10 0 7 1 8 14 8 12 13 16 
12 9 10 8 9 17 15 13 11 11 1 7 3 10 7 13 12 11 3 6 
11 5 2 7 3 5 10 1 8 5 9 1 4 3 7 3 8 11 6 6 
9 12 9 8 6 12 15 11 8 11 3 3 7 11 4 10 7 5 11 9 
9 7 6 7 4 13 12 14 11 8 1 15 6 8 8 11 6 13 13 0 
15 6 10 10 9 13 1 3 12 7 8 2 5 18 6 6 18 6 9 4 
10 11 13 10 3 11 8 14 9 8 4 15 6 7 3 12 9 14 9 8 
6 5 8 14 7 11 7 2 12 7 2 18 9 12 14 12 4 9 15 6 
13 4 11 13 4 7 12 9 5 9 14 13 0 2 9 10 5 7 2 14 
10 11 10 8 10 6 6 5 10 11 10 5 10 5 6 5 13 11 15 11 
10 10 7 11 9 12 10 4 5 9 10 1 8 8 17 10 13 11 6 10 
16 7 4 12 17 8 18 9 11 14 10 1 5 13 10 4 5 2 9 15 
15 4 8 9 5 13 9 10 10 12 11 9 18 16 4 8 16 7 7 11 
13 3 8 14 11 2 11 4 15 3 10 4 12 15 8 14 10 9 5 16 
2 16 6 13 9 8 3 5 10 6 8 9 12 9 11 8 11 4 8 9 
16 10 7 17 6 14 10 11 6 11 9 4 6 13 15 2 10 4 15 7 
11 16 14 15 2 14 4 4 6 15 5 12 4 7 16 4 8 4 11 3 
4 12 13 8 5 10 12 13 11 13 12 2 3 0 9 5 11 3 2 7 
11 13 4 12 2 5 4 7 2 15 6 13 12 13 14 8 7 6 12 8 
15 10 8 13 7 7 3 11 11 13 13 9 11 5 10 11 12 14 6 16 
3 9 7 8 6 11 16 17 10 11 13 2 9 1 13 5 17 3 8 7 
11 1 14 6 12 9 8 17 3 5 2 8 9 8 3 16 15 15 6 6 
6 13 5 3 11 14 1 6 10 9 6 13 3 10 10 14 9 10 12 12 
15 12 13 6 7 8 3 13 9 7 3 9 2 9 8 9 7 9 14 17 
5 7 12 10 3 5 15 1 11 13 6 10 13 13 10 11 9 15 7 11 
3 7 11 5 11 12 5 13 7 14 12 8 4 12 5 12 6 7 4 10 
16 15 10 7 13 8 17 16 10 15 12 10 9 13 11 6 8 6 13 11 
7 18 9 9 13 8 7 10 3 9 13 13 8 11 11 13 10 12 4 6 
11 6 13 10 13 7 9 6 6 8 6 14 4 11 5 3 1 14 5 7 
9 12 1 12 9 6 10 3 4 5 6 11 8 5 18 3 15 15 11 11 
14 3 7 2 6 13 6 9 1 3 8 8 16 8 5 5 9 7 7 8 
9 7 10 13 11 1 10 17 9 11 12 15 0 12 7 10 15 16 10 0 
8 15 10 16 16 12 3 0 9 6 6 10 7 5 9 7 7 6 14 12 
10 7 5 8 12 11 10 4 11 9 7 6 18 10 18 2 5 14 16 7 
6 10 7 5 5 14 7 11 13 3 2 10 7 12 4 11 1 4 6 11 
9 8 5 4 5 15 14 9 3 2 8 9 9 3 9 3 9 14 10 14 

=============== PARALLEL ===============
Number of elements in matrix: 1000
Rounded number of elements per thread: 333
Modulo (remained elements): 1
Thread number: 0. Amount of data: 334
Thread number: 1. Amount of data: 333
Thread number: 2. Amount of data: 333
Elapsed time: 4
14 13 12 2 8 6 15 4 11 6 6 9 8 14 5 6 2 7 10 11 
5 11 7 8 1 16 9 6 9 0 6 3 2 15 7 13 4 5 2 10 
2 6 7 1 14 11 9 7 3 7 18 7 10 4 3 4 13 2 15 11 
18 11 9 8 8 11 6 9 3 11 13 8 13 8 12 3 4 14 15 6 
8 12 16 9 13 13 6 7 10 16 12 6 4 17 4 10 10 10 9 4 
17 8 10 10 12 0 10 7 14 7 4 9 16 1 14 11 10 6 12 15 
7 14 13 15 3 10 9 13 1 17 5 11 11 13 8 7 5 7 14 3 
12 11 8 10 3 9 0 10 7 9 12 15 16 12 11 14 9 10 5 9 
9 2 3 2 10 16 9 4 8 15 9 11 2 3 5 4 9 13 9 6 
13 4 7 13 6 10 13 15 8 7 6 12 10 2 12 15 4 2 14 1 
8 7 1 18 8 11 6 15 13 12 14 7 12 17 9 6 13 10 8 7 
3 5 2 11 3 9 10 11 12 5 8 9 10 5 3 6 18 15 11 15 
3 7 4 10 1 11 6 2 3 12 9 14 13 12 8 12 10 10 9 10 
3 12 9 6 6 18 10 8 14 14 4 9 13 10 8 5 18 12 12 10 
7 2 16 7 15 8 6 8 15 3 10 0 7 1 8 14 8 12 13 16 
12 9 10 8 9 17 15 13 11 11 1 7 3 10 7 13 12 11 3 6 
11 5 2 7 3 5 10 1 8 5 9 1 4 3 7 3 8 11 6 6 
9 12 9 8 6 12 15 11 8 11 3 3 7 11 4 10 7 5 11 9 
9 7 6 7 4 13 12 14 11 8 1 15 6 8 8 11 6 13 13 0 
15 6 10 10 9 13 1 3 12 7 8 2 5 18 6 6 18 6 9 4 
10 11 13 10 3 11 8 14 9 8 4 15 6 7 3 12 9 14 9 8 
6 5 8 14 7 11 7 2 12 7 2 18 9 12 14 12 4 9 15 6 
13 4 11 13 4 7 12 9 5 9 14 13 0 2 9 10 5 7 2 14 
10 11 10 8 10 6 6 5 10 11 10 5 10 5 6 5 13 11 15 11 
10 10 7 11 9 12 10 4 5 9 10 1 8 8 17 10 13 11 6 10 
16 7 4 12 17 8 18 9 11 14 10 1 5 13 10 4 5 2 9 15 
15 4 8 9 5 13 9 10 10 12 11 9 18 16 4 8 16 7 7 11 
13 3 8 14 11 2 11 4 15 3 10 4 12 15 8 14 10 9 5 16 
2 16 6 13 9 8 3 5 10 6 8 9 12 9 11 8 11 4 8 9 
16 10 7 17 6 14 10 11 6 11 9 4 6 13 15 2 10 4 15 7 
11 16 14 15 2 14 4 4 6 15 5 12 4 7 16 4 8 4 11 3 
4 12 13 8 5 10 12 13 11 13 12 2 3 0 9 5 11 3 2 7 
11 13 4 12 2 5 4 7 2 15 6 13 12 13 14 8 7 6 12 8 
15 10 8 13 7 7 3 11 11 13 13 9 11 5 10 11 12 14 6 16 
3 9 7 8 6 11 16 17 10 11 13 2 9 1 13 5 17 3 8 7 
11 1 14 6 12 9 8 17 3 5 2 8 9 8 3 16 15 15 6 6 
6 13 5 3 11 14 1 6 10 9 6 13 3 10 10 14 9 10 12 12 
15 12 13 6 7 8 3 13 9 7 3 9 2 9 8 9 7 9 14 17 
5 7 12 10 3 5 15 1 11 13 6 10 13 13 10 11 9 15 7 11 
3 7 11 5 11 12 5 13 7 14 12 8 4 12 5 12 6 7 4 10 
16 15 10 7 13 8 17 16 10 15 12 10 9 13 11 6 8 6 13 11 
7 18 9 9 13 8 7 10 3 9 13 13 8 11 11 13 10 12 4 6 
11 6 13 10 13 7 9 6 6 8 6 14 4 11 5 3 1 14 5 7 
9 12 1 12 9 6 10 3 4 5 6 11 8 5 18 3 15 15 11 11 
14 3 7 2 6 13 6 9 1 3 8 8 16 8 5 5 9 7 7 8 
9 7 10 13 11 1 10 17 9 11 12 15 0 12 7 10 15 16 10 0 
8 15 10 16 16 12 3 0 9 6 6 10 7 5 9 7 7 6 14 12 
10 7 5 8 12 11 10 4 11 9 7 6 18 10 18 2 5 14 16 7 
6 10 7 5 5 14 7 11 13 3 2 10 7 12 4 11 1 4 6 11 
9 8 5 4 5 15 14 9 3 2 8 9 9 3 9 3 9 14 10 14 

=======================START MULT=======================
=============== SECVENTIAL ===============
Elapsed time: 3
318 362 268 356 231 417 354 338 324 447 303 346 341 418 289 305 382 359 439 278 
374 360 247 331 257 341 287 273 339 366 277 246 335 370 354 295 363 363 380 263 
367 336 174 352 182 322 309 279 276 399 219 294 352 443 289 344 351 347 369 196 
490 472 359 367 329 546 485 439 402 536 353 457 397 602 380 486 531 468 571 353 
549 497 335 474 342 578 585 434 474 584 371 466 393 498 406 415 454 504 564 309 
480 346 297 383 262 517 505 343 366 484 345 456 306 439 348 387 429 529 606 307 
516 482 335 502 326 557 460 441 466 512 393 426 445 459 445 452 466 486 505 343 
419 430 246 379 202 499 444 351 369 489 333 343 353 492 336 371 453 459 480 324 
380 362 244 261 260 256 326 315 319 350 244 217 209 347 267 273 210 233 331 260 
449 318 260 416 231 400 399 368 316 401 245 353 353 370 309 410 332 420 488 271 
576 568 341 510 307 558 599 467 453 680 445 442 483 564 487 440 479 564 627 379 
331 289 162 278 112 397 384 186 263 379 200 335 263 381 284 278 313 421 448 149 
491 422 257 444 240 487 440 398 445 429 336 312 314 448 371 387 410 439 454 281 
523 420 305 419 317 500 480 401 439 463 329 461 388 441 425 455 442 478 532 293 
447 389 285 333 304 402 448 340 348 496 349 382 282 428 337 313 418 405 486 275 
501 494 393 429 371 470 471 419 446 492 308 431 393 403 396 393 407 445 503 348 
254 266 153 229 146 186 247 174 232 282 157 148 213 276 241 188 111 225 319 184 
532 472 323 429 293 506 448 351 403 537 323 419 398 535 415 417 449 495 551 301 
333 333 237 316 226 439 393 336 304 414 277 384 300 332 322 349 333 383 429 258 
468 385 270 371 293 416 408 290 405 481 362 334 355 409 371 330 356 401 459 274 
410 444 254 397 224 485 424 368 347 465 265 361 392 469 378 400 358 396 477 293 
493 420 314 431 318 547 583 441 430 509 351 430 356 380 391 392 372 500 578 348 
428 449 305 369 272 440 387 389 345 470 327 329 323 449 357 337 398 393 455 326 
512 445 298 428 287 515 496 389 437 570 377 402 358 553 406 406 388 467 613 304 
443 403 266 383 223 387 382 343 381 442 327 256 244 449 340 335 334 407 425 250 
528 492 330 435 301 451 402 381 415 575 345 358 408 562 427 417 387 454 529 303 
485 507 354 448 327 518 526 408 465 535 337 463 470 478 410 421 467 470 570 368 
530 456 336 458 277 483 453 340 428 582 384 381 406 559 398 410 481 556 584 326 
441 325 210 397 221 416 412 363 367 406 313 355 285 408 304 431 345 415 410 252 
564 426 365 444 343 464 461 416 396 517 331 409 436 451 440 462 386 488 599 350 
464 337 265 379 308 448 440 373 437 374 326 340 272 316 358 391 297 398 452 305 
452 384 313 421 275 386 321 406 390 465 353 313 295 460 374 398 344 389 492 289 
459 375 268 437 230 513 473 376 399 399 278 407 403 388 340 450 429 502 472 300 
461 380 249 375 232 390 442 337 404 431 268 305 333 455 346 397 323 426 526 302 
429 409 263 400 253 350 381 366 337 482 272 350 429 452 368 401 338 367 494 300 
464 490 317 355 287 409 430 328 320 515 278 368 401 495 402 353 399 421 518 315 
563 472 334 433 358 526 505 484 483 438 343 424 321 483 389 480 461 461 465 331 
455 389 280 299 281 407 345 271 344 381 264 298 283 426 333 329 412 416 387 246 
495 379 282 446 272 462 488 379 444 463 285 384 373 463 393 435 333 471 612 300 
422 395 289 342 284 453 353 347 362 395 294 365 297 395 333 368 435 370 363 235 
611 546 401 547 340 652 587 490 520 661 383 525 490 657 439 556 563 636 673 371 
420 527 330 435 254 498 408 439 378 535 374 365 333 539 385 378 488 459 438 311 
514 505 342 437 301 467 482 420 362 581 337 356 405 526 405 350 399 438 558 319 
430 408 278 406 199 461 473 331 374 480 312 318 307 461 341 368 337 508 510 290 
309 315 183 255 204 276 309 250 231 366 207 252 321 353 276 268 248 233 371 228 
545 476 357 479 304 590 552 463 430 606 415 470 352 507 398 451 456 557 604 344 
502 415 310 414 277 482 479 384 418 440 341 344 260 426 349 390 379 505 465 306 
441 366 269 375 227 412 459 356 326 485 273 363 363 468 349 388 350 443 574 270 
331 362 193 351 186 457 393 259 327 401 260 354 345 312 315 295 379 443 358 243 
445 349 239 284 260 280 354 291 300 362 209 246 316 417 347 342 259 326 474 266 

=============== PARALLEL ===============
Number of elements in matrix: 1000
Rounded number of elements per thread: 333
Modulo (remained elements): 1
Thread number: 0. Amount of data: 334
Thread number: 1. Amount of data: 333
Thread number: 2. Amount of data: 333
Elapsed time: 9
318 362 268 356 231 417 354 338 324 447 303 346 341 418 289 305 382 359 439 278 
374 360 247 331 257 341 287 273 339 366 277 246 335 370 354 295 363 363 380 263 
367 336 174 352 182 322 309 279 276 399 219 294 352 443 289 344 351 347 369 196 
490 472 359 367 329 546 485 439 402 536 353 457 397 602 380 486 531 468 571 353 
549 497 335 474 342 578 585 434 474 584 371 466 393 498 406 415 454 504 564 309 
480 346 297 383 262 517 505 343 366 484 345 456 306 439 348 387 429 529 606 307 
516 482 335 502 326 557 460 441 466 512 393 426 445 459 445 452 466 486 505 343 
419 430 246 379 202 499 444 351 369 489 333 343 353 492 336 371 453 459 480 324 
380 362 244 261 260 256 326 315 319 350 244 217 209 347 267 273 210 233 331 260 
449 318 260 416 231 400 399 368 316 401 245 353 353 370 309 410 332 420 488 271 
576 568 341 510 307 558 599 467 453 680 445 442 483 564 487 440 479 564 627 379 
331 289 162 278 112 397 384 186 263 379 200 335 263 381 284 278 313 421 448 149 
491 422 257 444 240 487 440 398 445 429 336 312 314 448 371 387 410 439 454 281 
523 420 305 419 317 500 480 401 439 463 329 461 388 441 425 455 442 478 532 293 
447 389 285 333 304 402 448 340 348 496 349 382 282 428 337 313 418 405 486 275 
501 494 393 429 371 470 471 419 446 492 308 431 393 403 396 393 407 445 503 348 
254 266 153 229 146 186 247 174 232 282 157 148 213 276 241 188 111 225 319 184 
532 472 323 429 293 506 448 351 403 537 323 419 398 535 415 417 449 495 551 301 
333 333 237 316 226 439 393 336 304 414 277 384 300 332 322 349 333 383 429 258 
468 385 270 371 293 416 408 290 405 481 362 334 355 409 371 330 356 401 459 274 
410 444 254 397 224 485 424 368 347 465 265 361 392 469 378 400 358 396 477 293 
493 420 314 431 318 547 583 441 430 509 351 430 356 380 391 392 372 500 578 348 
428 449 305 369 272 440 387 389 345 470 327 329 323 449 357 337 398 393 455 326 
512 445 298 428 287 515 496 389 437 570 377 402 358 553 406 406 388 467 613 304 
443 403 266 383 223 387 382 343 381 442 327 256 244 449 340 335 334 407 425 250 
528 492 330 435 301 451 402 381 415 575 345 358 408 562 427 417 387 454 529 303 
485 507 354 448 327 518 526 408 465 535 337 463 470 478 410 421 467 470 570 368 
530 456 336 458 277 483 453 340 428 582 384 381 406 559 398 410 481 556 584 326 
441 325 210 397 221 416 412 363 367 406 313 355 285 408 304 431 345 415 410 252 
564 426 365 444 343 464 461 416 396 517 331 409 436 451 440 462 386 488 599 350 
464 337 265 379 308 448 440 373 437 374 326 340 272 316 358 391 297 398 452 305 
452 384 313 421 275 386 321 406 390 465 353 313 295 460 374 398 344 389 492 289 
459 375 268 437 230 513 473 376 399 399 278 407 403 388 340 450 429 502 472 300 
461 380 249 375 232 390 442 337 404 431 268 305 333 455 346 397 323 426 526 302 
429 409 263 400 253 350 381 366 337 482 272 350 429 452 368 401 338 367 494 300 
464 490 317 355 287 409 430 328 320 515 278 368 401 495 402 353 399 421 518 315 
563 472 334 433 358 526 505 484 483 438 343 424 321 483 389 480 461 461 465 331 
455 389 280 299 281 407 345 271 344 381 264 298 283 426 333 329 412 416 387 246 
495 379 282 446 272 462 488 379 444 463 285 384 373 463 393 435 333 471 612 300 
422 395 289 342 284 453 353 347 362 395 294 365 297 395 333 368 435 370 363 235 
611 546 401 547 340 652 587 490 520 661 383 525 490 657 439 556 563 636 673 371 
420 527 330 435 254 498 408 439 378 535 374 365 333 539 385 378 488 459 438 311 
514 505 342 437 301 467 482 420 362 581 337 356 405 526 405 350 399 438 558 319 
430 408 278 406 199 461 473 331 374 480 312 318 307 461 341 368 337 508 510 290 
309 315 183 255 204 276 309 250 231 366 207 252 321 353 276 268 248 233 371 228 
545 476 357 479 304 590 552 463 430 606 415 470 352 507 398 451 456 557 604 344 
502 415 310 414 277 482 479 384 418 440 341 344 260 426 349 390 379 505 465 306 
441 366 269 375 227 412 459 356 326 485 273 363 363 468 349 388 350 443 574 270 
331 362 193 351 186 457 393 259 327 401 260 354 345 312 315 295 379 443 358 243 
445 349 239 284 260 280 354 291 300 362 209 246 316 417 347 342 259 326 474 266 

