Generated matrix: 
Col count: 10
Row count: 10
7 7 7 9 9 5 6 1 2 0 
2 8 4 6 9 1 9 1 4 3 
2 3 2 2 2 9 4 7 5 3 
7 4 6 6 4 1 6 5 2 9 
3 2 0 2 8 5 6 5 8 6 
1 0 2 4 8 7 7 2 3 9 
8 2 4 0 1 3 5 7 1 1 
6 5 5 3 4 9 3 4 1 2 
9 9 1 6 6 4 4 6 8 0 
8 8 6 3 5 1 1 1 8 3 

Generated matrix: 
Col count: 10
Row count: 10
5 0 1 0 3 1 2 9 7 3 
7 0 1 2 3 9 4 4 0 4 
2 9 5 2 4 5 6 5 8 8 
6 9 1 7 5 8 8 8 6 2 
2 1 3 3 7 7 1 7 1 1 
2 3 5 3 9 8 0 4 9 2 
7 6 6 4 3 8 4 5 1 0 
0 5 6 3 1 3 4 4 1 7 
0 0 3 6 4 2 5 4 3 9 
4 2 5 0 2 4 4 0 7 6 

=======================START SUM=======================
=============== SECVENTIAL ===============
Elapsed time: 1
12 7 8 9 12 6 8 10 9 3 
9 8 5 8 12 10 13 5 4 7 
4 12 7 4 6 14 10 12 13 11 
13 13 7 13 9 9 14 13 8 11 
5 3 3 5 15 12 7 12 9 7 
3 3 7 7 17 15 7 6 12 11 
15 8 10 4 4 11 9 12 2 1 
6 10 11 6 5 12 7 8 2 9 
9 9 4 12 10 6 9 10 11 9 
12 10 11 3 7 5 5 1 15 9 

=============== PARALLEL ===============
Number of elements in matrix: 100
Rounded number of elements per thread: 50
Modulo (remained elements): 0
Number of threads: 2
Elapsed time: 16
12 7 8 9 12 6 8 10 9 3 
9 8 5 8 12 10 13 5 4 7 
4 12 7 4 6 14 10 12 13 11 
13 13 7 13 9 9 14 13 8 11 
5 3 3 5 15 12 7 12 9 7 
3 3 7 7 17 15 7 6 12 11 
15 8 10 4 4 11 9 12 2 1 
6 10 11 6 5 12 7 8 2 9 
9 9 4 12 10 6 9 10 11 9 
12 10 11 3 7 5 5 1 15 9 

