Generated matrix: 
Col count: 10
Row count: 10
8 8 6 0 1 7 1 5 8 7 
4 9 4 4 2 0 7 0 2 0 
4 2 0 6 9 3 8 2 4 9 
9 6 1 9 1 1 4 2 1 7 
9 9 0 2 5 0 1 2 1 4 
3 2 5 3 9 5 7 7 2 9 
9 7 3 2 8 2 3 0 0 2 
2 6 4 5 0 1 2 1 3 0 
4 5 6 9 1 1 0 4 0 8 
8 1 2 7 5 1 7 7 3 7 

Generated matrix: 
Col count: 10
Row count: 10
3 5 8 7 2 0 9 9 9 8 
7 2 9 8 8 9 3 4 9 2 
2 1 5 9 5 5 5 4 3 6 
5 9 6 9 8 4 8 7 3 6 
7 4 7 5 7 5 2 1 7 4 
9 0 6 3 8 5 6 7 3 2 
3 7 6 5 7 0 5 2 5 0 
3 8 1 6 3 4 2 1 2 1 
5 0 4 4 5 1 7 9 3 0 
5 4 3 0 4 5 0 5 3 1 

=======================START SUM=======================
=============== SECVENTIAL ===============
Elapsed time: 1
11 13 14 7 3 7 10 14 17 15 
11 11 13 12 10 9 10 4 11 2 
6 3 5 15 14 8 13 6 7 15 
14 15 7 18 9 5 12 9 4 13 
16 13 7 7 12 5 3 3 8 8 
12 2 11 6 17 10 13 14 5 11 
12 14 9 7 15 2 8 2 5 2 
5 14 5 11 3 5 4 2 5 1 
9 5 10 13 6 2 7 13 3 8 
13 5 5 7 9 6 7 12 6 8 

=============== PARALLEL ===============
Number of elements in matrix: 100
Rounded number of elements per thread: 0
Modulo (remained elements): 100
Elapsed time: 101
11 13 14 7 3 7 10 14 17 15 
11 11 13 12 10 9 10 4 11 2 
6 3 5 15 14 8 13 6 7 15 
14 15 7 18 9 5 12 9 4 13 
16 13 7 7 12 5 3 3 8 8 
12 2 11 6 17 10 13 14 5 11 
12 14 9 7 15 2 8 2 5 2 
5 14 5 11 3 5 4 2 5 1 
9 5 10 13 6 2 7 13 3 8 
13 5 5 7 9 6 7 12 6 8 

