Generated matrix: 
Col count: 10
Row count: 10
0 0 9 0 8 7 4 1 6 0 
6 6 8 4 4 2 5 2 4 6 
5 9 4 4 0 1 7 4 8 0 
5 6 6 5 1 4 0 6 2 7 
3 6 8 5 8 6 8 4 5 7 
8 7 6 5 4 5 2 6 3 9 
0 2 2 4 1 9 7 2 4 0 
3 3 3 8 2 3 5 3 3 3 
7 4 7 8 8 0 3 1 7 8 
8 2 8 0 6 0 1 7 0 6 

Generated matrix: 
Col count: 10
Row count: 10
4 7 1 7 5 2 0 6 6 6 
9 5 4 0 3 3 8 5 6 2 
8 9 7 7 3 5 3 7 5 1 
3 1 4 0 0 5 5 6 1 9 
7 4 1 3 4 0 3 2 5 1 
5 6 0 1 3 1 2 8 0 3 
9 4 8 6 8 5 4 7 5 8 
9 7 3 6 7 9 5 6 3 7 
1 1 1 8 6 3 7 4 5 2 
2 6 8 2 6 7 7 9 1 5 

=======================START SUM=======================
=============== SECVENTIAL ===============
Elapsed time: 1
4 7 10 7 13 9 4 7 12 6 
15 11 12 4 7 5 13 7 10 8 
13 18 11 11 3 6 10 11 13 1 
8 7 10 5 1 9 5 12 3 16 
10 10 9 8 12 6 11 6 10 8 
13 13 6 6 7 6 4 14 3 12 
9 6 10 10 9 14 11 9 9 8 
12 10 6 14 9 12 10 9 6 10 
8 5 8 16 14 3 10 5 12 10 
10 8 16 2 12 7 8 16 1 11 

=============== PARALLEL ===============
Number of elements in matrix: 100
Rounded number of elements per thread: 100
Modulo (remained elements): 0
Thread number: 0. Amount of data: 100
Elapsed time: 19
4 7 10 7 13 9 4 7 12 6 
15 11 12 4 7 5 13 7 10 8 
13 18 11 11 3 6 10 11 13 1 
8 7 10 5 1 9 5 12 3 16 
10 10 9 8 12 6 11 6 10 8 
13 13 6 6 7 6 4 14 3 12 
9 6 10 10 9 14 11 9 9 8 
12 10 6 14 9 12 10 9 6 10 
8 5 8 16 14 3 10 5 12 10 
10 8 16 2 12 7 8 16 1 11 

