Generated matrix: 
Col count: 10
Row count: 10
1 5 4 7 3 5 4 9 7 9 
7 9 3 1 2 6 8 0 9 8 
8 1 3 0 1 7 5 5 9 5 
3 6 3 9 4 9 2 0 0 8 
7 4 4 1 4 6 9 0 8 4 
6 1 0 8 7 0 6 3 4 7 
8 5 5 5 9 4 9 9 0 8 
6 7 5 9 3 7 0 5 2 9 
4 7 7 2 1 7 2 6 3 7 
7 1 2 1 1 0 6 5 6 6 

Generated matrix: 
Col count: 10
Row count: 10
2 2 8 7 2 1 9 1 3 7 
2 1 2 8 1 0 2 5 7 7 
8 9 1 3 3 4 4 5 7 7 
3 8 8 6 0 7 3 1 4 3 
5 4 7 3 5 8 7 6 3 1 
8 0 8 9 6 0 6 6 6 4 
3 0 7 2 7 5 3 7 9 5 
0 5 8 0 9 5 3 3 3 7 
4 7 1 3 4 4 3 6 5 4 
8 2 8 7 0 8 9 7 6 4 

=======================START MULT=======================
=============== SECVENTIAL ===============
Elapsed time: 1
232 223 318 247 201 255 248 261 285 261 
241 145 276 295 170 182 269 282 316 270 
194 146 256 211 189 154 237 215 232 229 
231 143 289 285 109 184 238 205 240 193 
216 142 255 235 181 171 241 247 274 229 
163 162 289 192 133 235 231 185 203 175 
249 203 413 278 249 289 330 287 321 306 
244 205 330 308 144 218 280 225 268 263 
219 163 253 245 163 162 229 223 256 253 
130 124 211 144 137 157 188 164 184 187 

=============== PARALLEL ===============
Number of elements in matrix: 100
Rounded number of elements per thread: 12
Modulo (remained elements): 4
Thread number: 0. Amount of data: 13
Thread number: 1. Amount of data: 13
Thread number: 2. Amount of data: 13
Thread number: 3. Amount of data: 13
Thread number: 4. Amount of data: 12
Thread number: 5. Amount of data: 12
Thread number: 6. Amount of data: 12
Thread number: 7. Amount of data: 12
Elapsed time: 46
232 223 318 247 201 255 248 261 285 261 
241 145 276 295 170 182 269 282 316 270 
194 146 256 211 189 154 237 215 232 229 
231 143 289 285 109 184 238 205 240 193 
216 142 255 235 181 171 241 247 274 229 
163 162 289 192 133 235 231 185 203 175 
249 203 413 278 249 289 330 287 321 306 
244 205 330 308 144 218 280 225 268 263 
219 163 253 245 163 162 229 223 256 253 
130 124 211 144 137 157 188 164 184 187 

