Generated matrix: 
Col count: 10
Row count: 10
1 9 3 0 5 5 5 3 5 3 
9 8 0 4 3 6 0 7 0 4 
7 7 4 1 8 0 1 8 3 9 
2 8 2 6 1 2 0 8 7 1 
9 0 1 6 1 2 3 1 2 0 
8 8 8 4 2 6 5 9 5 0 
9 3 2 9 3 5 4 4 3 1 
2 3 4 9 3 0 2 2 7 4 
4 3 0 0 2 5 9 6 9 9 
5 1 1 7 8 0 6 9 5 3 

Generated matrix: 
Col count: 10
Row count: 10
3 5 2 0 8 7 8 7 9 8 
2 7 3 1 7 6 2 2 3 5 
4 0 8 7 8 3 6 0 7 9 
7 3 0 1 3 3 7 5 8 3 
2 3 4 1 3 2 1 2 7 2 
0 3 5 1 3 6 3 0 7 9 
0 2 1 6 2 1 3 0 3 0 
8 4 9 3 0 8 2 2 3 0 
9 9 8 5 1 1 1 2 6 6 
9 8 5 0 8 3 5 9 4 8 

=======================START SUM=======================
=============== SECVENTIAL ===============
Elapsed time: 1
4 14 5 0 13 12 13 10 14 11 
11 15 3 5 10 12 2 9 3 9 
11 7 12 8 16 3 7 8 10 18 
9 11 2 7 4 5 7 13 15 4 
11 3 5 7 4 4 4 3 9 2 
8 11 13 5 5 12 8 9 12 9 
9 5 3 15 5 6 7 4 6 1 
10 7 13 12 3 8 4 4 10 4 
13 12 8 5 3 6 10 8 15 15 
14 9 6 7 16 3 11 18 9 11 

=============== PARALLEL ===============
Number of elements in matrix: 100
Rounded number of elements per thread: 0
Modulo (remained elements): 100
Elapsed time: 62
4 14 5 0 13 12 13 10 14 11 
11 15 3 5 10 12 2 9 3 9 
11 7 12 8 16 3 7 8 10 18 
9 11 2 7 4 5 7 13 15 4 
11 3 5 7 4 4 4 3 9 2 
8 11 13 5 5 12 8 9 12 9 
9 5 3 15 5 6 7 4 6 1 
10 7 13 12 3 8 4 4 10 4 
13 12 8 5 3 6 10 8 15 15 
14 9 6 7 16 3 11 18 9 11 

