Generated matrix: 
Col count: 10
Row count: 10
0 4 9 0 4 4 4 9 6 9 
3 5 8 8 5 4 9 3 5 8 
0 0 6 2 6 3 7 7 3 6 
4 6 5 8 0 6 1 0 3 0 
6 2 5 1 0 6 9 4 8 8 
1 5 2 7 1 7 9 7 6 1 
0 0 0 6 1 8 8 3 2 3 
5 5 0 3 6 8 7 9 7 1 
6 5 1 2 0 7 0 2 2 4 
6 8 8 4 1 3 8 4 7 8 

Generated matrix: 
Col count: 10
Row count: 10
6 0 1 9 3 8 6 2 0 8 
2 6 7 2 1 1 1 1 4 2 
4 6 3 6 7 1 7 4 8 6 
0 2 7 2 3 1 9 1 9 3 
3 5 1 8 1 7 6 6 3 6 
9 8 3 6 8 1 0 6 3 1 
3 5 1 7 0 1 9 6 3 7 
0 1 5 1 3 0 3 3 9 5 
9 2 5 1 7 4 1 9 1 7 
2 1 6 7 0 5 8 5 4 0 

=======================START MULT=======================
=============== SECVENTIAL ===============
Elapsed time: 1
176 180 204 224 172 118 232 238 247 205 
199 217 232 292 175 153 340 253 274 253 
129 148 140 207 120 102 231 200 204 186 
140 141 151 140 146 70 149 111 160 132 
229 165 177 257 174 143 247 249 178 230 
173 182 193 178 163 74 210 204 223 204 
123 131 118 150 106 52 167 150 146 117 
216 189 184 229 175 138 203 239 202 246 
139 106 123 148 112 91 106 109 103 101 
217 199 235 275 180 154 297 243 243 258 

=============== PARALLEL ===============
Number of elements in matrix: 100
Rounded number of elements per thread: 25
Modulo (remained elements): 0
Number of threads: 4
Elapsed time: 19
176 180 204 224 172 118 232 238 247 205 
199 217 232 292 175 153 340 253 274 253 
129 148 140 207 120 102 231 200 204 186 
140 141 151 140 146 70 149 111 160 132 
229 165 177 257 174 143 247 249 178 230 
173 182 193 178 163 74 210 204 223 204 
123 131 118 150 106 52 167 150 146 117 
216 189 184 229 175 138 203 239 202 246 
139 106 123 148 112 91 106 109 103 101 
217 199 235 275 180 154 297 243 243 258 

