Generated matrix: 
Col count: 10
Row count: 10
8 7 3 5 4 1 5 7 7 6 
8 3 5 3 8 6 7 4 6 2 
3 3 1 0 0 4 0 0 9 2 
1 4 5 0 7 7 0 6 1 1 
8 2 1 2 8 3 8 6 5 0 
0 8 8 7 3 2 1 5 1 4 
8 4 7 0 4 1 6 3 4 3 
0 0 0 3 7 6 5 7 2 6 
5 1 3 4 1 1 1 8 3 1 
3 0 3 4 3 4 5 8 9 2 

Generated matrix: 
Col count: 10
Row count: 10
1 5 4 2 3 9 1 5 1 4 
0 0 4 7 8 1 1 9 8 6 
3 2 6 2 3 5 1 8 3 3 
3 8 6 3 6 3 4 5 4 5 
8 3 6 0 6 6 7 9 7 8 
4 5 5 3 1 9 4 1 9 9 
6 2 1 9 0 8 4 4 8 1 
5 2 6 3 5 3 4 2 8 9 
5 8 4 3 5 6 7 8 9 0 
2 1 3 3 2 8 9 5 2 4 

=======================START MULT=======================
=============== SECVENTIAL ===============
Elapsed time: 1
180 189 230 194 226 293 221 309 301 241 
216 200 231 173 189 331 212 294 315 249 
71 111 92 74 89 141 104 136 151 77 
137 92 170 85 136 175 127 176 219 220 
196 165 185 152 161 272 178 235 275 210 
121 115 197 138 188 166 140 242 220 211 
142 124 168 145 143 249 142 246 212 163 
176 121 163 117 123 226 201 164 241 217 
101 114 141 83 120 146 102 137 155 149 
183 182 187 138 153 242 192 208 274 186 

=============== PARALLEL ===============
Number of elements in matrix: 100
Rounded number of elements per thread: 50
Modulo (remained elements): 0
Number of threads: 2
Elapsed time: 17
180 189 230 194 226 293 221 309 301 241 
216 200 231 173 189 331 212 294 315 249 
71 111 92 74 89 141 104 136 151 77 
137 92 170 85 136 175 127 176 219 220 
196 165 185 152 161 272 178 235 275 210 
121 115 197 138 188 166 140 242 220 211 
142 124 168 145 143 249 142 246 212 163 
176 121 163 117 123 226 201 164 241 217 
101 114 141 83 120 146 102 137 155 149 
183 182 187 138 153 242 192 208 274 186 

