Generated matrix: 
Col count: 10
Row count: 10
3 4 9 8 0 8 5 3 0 1 
1 0 9 1 1 3 6 5 7 7 
3 3 2 9 0 5 2 6 2 4 
9 3 6 9 0 6 1 2 2 1 
1 9 2 1 4 7 8 3 5 5 
6 3 9 0 6 6 8 2 9 9 
9 4 5 6 7 4 1 1 2 6 
7 0 4 3 5 0 0 2 9 1 
0 3 0 9 8 5 6 8 7 2 
2 7 0 5 9 4 7 3 7 0 

Generated matrix: 
Col count: 10
Row count: 10
8 1 8 7 9 9 0 7 4 4 
7 0 0 2 7 0 2 2 9 5 
6 7 6 7 4 8 3 7 2 5 
8 1 9 3 2 9 2 3 8 1 
2 0 1 6 6 6 6 8 7 1 
2 7 1 2 9 5 3 9 2 3 
2 4 7 4 1 6 5 0 8 4 
7 5 4 9 2 7 2 5 4 8 
8 5 8 9 2 7 7 2 2 9 
1 8 4 4 4 1 1 4 9 3 

=======================START MULT=======================
=============== SECVENTIAL ===============
Elapsed time: 1
218 173 209 183 194 263 107 207 207 156 
188 226 221 245 138 238 140 175 188 208 
205 141 192 174 153 221 85 163 205 147 
246 134 230 194 211 275 84 210 188 149 
195 177 168 204 213 202 157 182 270 201 
258 270 286 326 267 326 203 277 294 264 
231 145 218 229 250 270 116 249 257 154 
201 101 196 219 141 230 116 158 130 156 
245 159 232 258 176 297 184 204 277 204 
222 113 191 223 194 249 180 180 264 184 

=============== PARALLEL ===============
Number of elements in matrix: 100
Rounded number of elements per thread: 0
Modulo (remained elements): 100
Number of threads: 512
Elapsed time: 68
218 173 209 183 194 263 107 207 207 156 
188 226 221 245 138 238 140 175 188 208 
205 141 192 174 153 221 85 163 205 147 
246 134 230 194 211 275 84 210 188 149 
195 177 168 204 213 202 157 182 270 201 
258 270 286 326 267 326 203 277 294 264 
231 145 218 229 250 270 116 249 257 154 
201 101 196 219 141 230 116 158 130 156 
245 159 232 258 176 297 184 204 277 204 
222 113 191 223 194 249 180 180 264 184 

