Generated matrix: 
Col count: 10
Row count: 10
5 9 6 0 1 5 9 3 0 7 
9 3 0 5 6 3 1 1 5 2 
3 2 8 8 2 4 3 2 0 7 
5 6 8 5 1 7 0 6 7 5 
1 5 5 0 3 6 1 1 2 9 
7 8 4 5 5 6 8 6 8 0 
3 0 7 3 0 2 3 6 7 7 
3 6 1 2 3 5 5 0 4 0 
6 0 9 6 0 2 8 3 1 0 
6 9 4 3 1 7 7 5 5 7 

Generated matrix: 
Col count: 10
Row count: 10
7 2 5 8 8 2 1 1 8 3 
1 2 1 1 6 7 3 5 0 8 
9 9 8 4 9 2 1 4 0 8 
9 1 4 3 5 2 6 1 0 0 
3 9 0 7 9 1 3 4 5 7 
9 3 9 5 7 5 9 5 9 4 
4 4 4 3 9 3 5 5 0 7 
1 5 0 1 3 8 3 2 1 7 
1 0 3 2 2 8 2 2 7 7 
7 8 6 6 0 3 6 6 3 8 

=======================START MULT=======================
=============== SECVENTIAL ===============
Elapsed time: 1
234 213 205 177 282 183 182 196 114 302 
180 117 126 173 212 127 123 97 171 170 
272 198 203 169 227 120 170 142 93 210 
272 199 229 185 263 233 189 167 178 293 
190 183 168 146 168 134 150 153 119 228 
253 196 205 206 358 259 208 186 197 330 
203 176 176 142 175 170 135 127 118 241 
132 91 114 109 194 129 121 109 112 169 
231 152 179 141 256 108 120 106 76 182 
267 208 231 202 299 247 223 206 177 332 

=============== PARALLEL ===============
Number of elements in matrix: 100
Rounded number of elements per thread: 0
Modulo (remained elements): 100
Number of threads: 256
Elapsed time: 43
234 213 205 177 282 183 182 196 114 302 
180 117 126 173 212 127 123 97 171 170 
272 198 203 169 227 120 170 142 93 210 
272 199 229 185 263 233 189 167 178 293 
190 183 168 146 168 134 150 153 119 228 
253 196 205 206 358 259 208 186 197 330 
203 176 176 142 175 170 135 127 118 241 
132 91 114 109 194 129 121 109 112 169 
231 152 179 141 256 108 120 106 76 182 
267 208 231 202 299 247 223 206 177 332 

