Generated matrix: 
Col count: 10
Row count: 10
1 3 2 1 6 6 9 2 2 7 
8 3 3 6 9 6 5 4 8 0 
1 2 6 7 8 7 6 0 7 6 
3 4 2 3 6 4 2 5 5 3 
6 0 7 2 1 7 6 3 0 0 
3 9 6 4 9 9 9 1 9 1 
4 5 4 2 2 9 5 4 1 6 
2 8 4 6 7 0 4 4 5 4 
3 1 9 0 3 6 4 6 2 7 
2 0 0 0 9 0 6 4 8 7 

Generated matrix: 
Col count: 10
Row count: 10
9 2 9 3 7 8 9 6 4 6 
6 6 8 5 5 5 3 8 5 4 
3 1 2 5 1 3 1 3 3 5 
4 9 6 1 4 9 1 5 6 4 
5 2 6 9 7 7 0 0 1 0 
5 5 4 8 5 0 9 2 4 0 
9 5 5 8 8 9 2 7 6 9 
5 6 9 7 5 4 3 3 3 3 
5 6 0 0 4 5 4 5 1 8 
5 8 6 6 2 5 7 5 5 6 

=======================START SUM=======================
=============== SECVENTIAL ===============
Elapsed time: 1
10 5 11 4 13 14 18 8 6 13 
14 9 11 11 14 11 8 12 13 4 
4 3 8 12 9 10 7 3 10 11 
7 13 8 4 10 13 3 10 11 7 
11 2 13 11 8 14 6 3 1 0 
8 14 10 12 14 9 18 3 13 1 
13 10 9 10 10 18 7 11 7 15 
7 14 13 13 12 4 7 7 8 7 
8 7 9 0 7 11 8 11 3 15 
7 8 6 6 11 5 13 9 13 13 

=============== PARALLEL ===============
Number of elements in matrix: 100
Rounded number of elements per thread: 12
Modulo (remained elements): 4
Number of threads: 8
Elapsed time: 21
10 5 11 4 13 14 18 8 6 13 
14 9 11 11 14 11 8 12 13 4 
4 3 8 12 9 10 7 3 10 11 
7 13 8 4 10 13 3 10 11 7 
11 2 13 11 8 14 6 3 1 0 
8 14 10 12 14 9 18 3 13 1 
13 10 9 10 10 18 7 11 7 15 
7 14 13 13 12 4 7 7 8 7 
8 7 9 0 7 11 8 11 3 15 
7 8 6 6 11 5 13 9 13 13 

