Generated matrix: 
Col count: 10
Row count: 10
6 5 0 7 6 1 0 6 4 7 
2 4 5 9 4 8 7 8 3 6 
1 4 4 1 3 1 1 7 1 1 
6 3 3 3 8 4 1 0 0 8 
2 9 5 1 2 7 7 9 2 7 
7 9 7 1 9 9 3 4 8 6 
4 8 7 5 0 1 2 2 7 9 
3 0 6 1 0 7 4 9 4 5 
9 2 1 1 6 1 4 0 6 2 
3 5 3 1 2 1 6 3 4 0 

Generated matrix: 
Col count: 10
Row count: 10
1 5 2 0 4 7 1 2 8 4 
0 3 8 0 5 7 3 7 8 5 
4 9 9 5 3 6 8 4 9 8 
8 0 1 3 6 1 2 3 4 4 
8 5 3 0 6 7 5 8 7 2 
8 7 9 1 1 2 6 2 6 2 
3 2 7 1 8 0 9 5 0 7 
7 7 3 0 4 5 5 9 0 8 
3 3 9 1 6 9 1 2 6 6 
7 3 0 5 3 9 3 3 3 7 

=======================START SUM=======================
=============== SECVENTIAL ===============
Elapsed time: 1
7 10 2 7 10 8 1 8 12 11 
2 7 13 9 9 15 10 15 11 11 
5 13 13 6 6 7 9 11 10 9 
14 3 4 6 14 5 3 3 4 12 
10 14 8 1 8 14 12 17 9 9 
15 16 16 2 10 11 9 6 14 8 
7 10 14 6 8 1 11 7 7 16 
10 7 9 1 4 12 9 18 4 13 
12 5 10 2 12 10 5 2 12 8 
10 8 3 6 5 10 9 6 7 7 

=============== PARALLEL ===============
Number of elements in matrix: 100
Rounded number of elements per thread: 0
Modulo (remained elements): 100
Number of threads: 256
Elapsed time: 38
7 10 2 7 10 8 1 8 12 11 
2 7 13 9 9 15 10 15 11 11 
5 13 13 6 6 7 9 11 10 9 
14 3 4 6 14 5 3 3 4 12 
10 14 8 1 8 14 12 17 9 9 
15 16 16 2 10 11 9 6 14 8 
7 10 14 6 8 1 11 7 7 16 
10 7 9 1 4 12 9 18 4 13 
12 5 10 2 12 10 5 2 12 8 
10 8 3 6 5 10 9 6 7 7 

