Generated matrix: 
Col count: 10
Row count: 10
2 0 0 9 6 1 0 5 3 2 
8 6 5 4 2 5 7 4 1 6 
9 1 8 4 8 7 4 5 7 4 
1 8 3 8 9 8 5 8 6 1 
9 5 2 6 4 3 6 6 4 7 
0 1 4 1 0 3 1 3 6 5 
4 2 9 8 3 6 4 9 7 8 
3 6 4 1 8 2 3 3 8 7 
2 6 5 6 3 5 4 8 5 8 
7 8 2 0 8 8 7 2 6 5 

Generated matrix: 
Col count: 10
Row count: 10
0 5 8 1 2 7 3 1 0 9 
9 8 4 0 5 4 2 9 6 6 
8 8 1 9 6 6 0 9 7 2 
5 4 5 1 9 4 7 5 7 2 
2 0 2 4 7 2 8 0 1 2 
2 9 8 3 6 5 0 5 8 7 
1 2 0 7 9 6 5 1 0 5 
8 9 6 5 6 5 9 9 1 9 
5 1 9 3 3 7 0 1 0 8 
4 7 0 0 1 4 4 1 4 8 

=======================START SUM=======================
=============== SECVENTIAL ===============
Elapsed time: 1
2 5 8 10 8 8 3 6 3 11 
17 14 9 4 7 9 9 13 7 12 
17 9 9 13 14 13 4 14 14 6 
6 12 8 9 18 12 12 13 13 3 
11 5 4 10 11 5 14 6 5 9 
2 10 12 4 6 8 1 8 14 12 
5 4 9 15 12 12 9 10 7 13 
11 15 10 6 14 7 12 12 9 16 
7 7 14 9 6 12 4 9 5 16 
11 15 2 0 9 12 11 3 10 13 

=============== PARALLEL ===============
Number of elements in matrix: 100
Rounded number of elements per thread: 50
Modulo (remained elements): 0
Thread number: 0. Amount of data: 50
Thread number: 1. Amount of data: 50
Elapsed time: 22
2 5 8 10 8 8 3 6 3 11 
17 14 9 4 7 9 9 13 7 12 
17 9 9 13 14 13 4 14 14 6 
6 12 8 9 18 12 12 13 13 3 
11 5 4 10 11 5 14 6 5 9 
2 10 12 4 6 8 1 8 14 12 
5 4 9 15 12 12 9 10 7 13 
11 15 10 6 14 7 12 12 9 16 
7 7 14 9 6 12 4 9 5 16 
11 15 2 0 9 12 11 3 10 13 

