Generated matrix: 
Col count: 10
Row count: 10
1 9 0 8 0 6 8 6 0 4 
5 9 3 6 4 3 1 0 7 8 
1 1 1 7 1 9 0 8 4 1 
0 9 5 8 3 0 1 4 9 9 
0 2 0 1 3 9 9 9 0 9 
9 3 8 1 9 2 3 0 4 1 
2 7 2 0 2 1 2 4 4 5 
1 2 8 4 0 6 2 6 9 2 
4 1 5 0 8 0 8 4 9 9 
4 1 2 5 5 6 6 2 6 4 

Generated matrix: 
Col count: 10
Row count: 10
0 9 8 3 5 7 2 2 1 2 
7 5 5 6 1 8 0 6 3 4 
3 1 3 4 7 9 2 5 9 5 
3 2 6 2 3 8 9 9 1 3 
6 9 6 7 7 3 3 2 7 2 
9 2 7 5 1 7 8 8 5 5 
1 7 1 5 6 6 9 6 2 5 
3 9 0 8 4 1 2 7 6 3 
0 6 8 0 2 6 6 2 8 0 
0 7 2 4 0 9 3 6 0 6 

=======================START MULT=======================
=============== SECVENTIAL ===============
Elapsed time: 2
167 220 159 207 116 275 218 290 118 174 
142 252 248 173 124 335 181 233 166 155 
142 159 161 147 90 187 185 220 152 109 
133 253 217 184 129 335 189 263 199 162 
152 264 124 233 125 240 216 270 145 188 
123 243 222 171 198 259 140 151 202 122 
90 184 120 137 82 186 87 146 120 103 
124 183 186 151 135 259 192 222 225 132 
90 327 198 202 194 292 203 203 220 159 
124 234 207 163 147 261 226 213 167 137 

=============== PARALLEL ===============
Number of elements in matrix: 100
Rounded number of elements per thread: 50
Modulo (remained elements): 0
Thread number: 0. Amount of data: 50
Thread number: 1. Amount of data: 50
Elapsed time: 26
167 220 159 207 116 275 218 290 118 174 
142 252 248 173 124 335 181 233 166 155 
142 159 161 147 90 187 185 220 152 109 
133 253 217 184 129 335 189 263 199 162 
152 264 124 233 125 240 216 270 145 188 
123 243 222 171 198 259 140 151 202 122 
90 184 120 137 82 186 87 146 120 103 
124 183 186 151 135 259 192 222 225 132 
90 327 198 202 194 292 203 203 220 159 
124 234 207 163 147 261 226 213 167 137 

