Generated matrix: 
Col count: 10
Row count: 10
9 5 2 2 3 0 6 3 7 9 
3 5 1 2 0 2 4 0 3 2 
7 3 1 5 2 7 2 0 4 9 
8 0 2 4 0 5 6 5 4 5 
2 9 8 5 2 1 7 9 0 8 
5 8 2 6 4 7 3 4 6 8 
9 4 5 8 2 3 5 0 4 4 
7 9 0 9 2 9 7 3 8 8 
1 2 7 1 3 2 4 9 4 9 
3 2 8 7 1 2 7 3 1 9 

Generated matrix: 
Col count: 10
Row count: 10
1 9 9 3 4 1 3 4 2 7 
7 6 5 8 8 2 5 2 3 8 
8 3 3 9 4 4 6 8 5 4 
8 7 3 4 7 3 1 5 8 7 
0 5 8 7 1 3 4 4 3 7 
1 3 5 1 1 1 9 1 8 2 
1 2 2 4 0 4 2 9 2 8 
4 7 5 7 9 5 9 0 1 6 
2 2 0 0 5 8 3 3 1 9 
9 6 7 1 9 1 8 5 2 1 

=======================START MULT=======================
=============== SECVENTIAL ===============
Elapsed time: 1
189 247 232 168 244 146 210 204 108 284 
92 106 93 86 105 67 93 97 73 144 
174 216 214 112 201 94 206 157 156 201 
140 206 187 127 183 119 194 164 129 221 
285 269 238 284 303 155 280 227 164 287 
235 276 258 204 283 154 276 190 192 301 
193 237 209 177 205 126 174 212 171 271 
258 316 281 209 313 182 293 235 232 370 
210 203 193 197 242 149 259 176 115 214 
241 214 192 192 225 125 212 232 163 221 

=============== PARALLEL ===============
Number of elements in matrix: 100
Rounded number of elements per thread: 12
Modulo (remained elements): 4
Number of threads: 8
Elapsed time: 24
189 247 232 168 244 146 210 204 108 284 
92 106 93 86 105 67 93 97 73 144 
174 216 214 112 201 94 206 157 156 201 
140 206 187 127 183 119 194 164 129 221 
285 269 238 284 303 155 280 227 164 287 
235 276 258 204 283 154 276 190 192 301 
193 237 209 177 205 126 174 212 171 271 
258 316 281 209 313 182 293 235 232 370 
210 203 193 197 242 149 259 176 115 214 
241 214 192 192 225 125 212 232 163 221 

